-- Generated by src/lib/ressim/src/tests/opm_small_direct.rs; do not edit by hand.
-- Case bo-1d-40: the same column at nx=40.
-- Tables are ResSim's own relperm/PVT functions sampled onto dense nodes.
-- Run with: flow CASE.DATA --enable-gravity=false
RUNSPEC
TITLE
  ressim small-direct bo-1d-40 /
DIMENS
  40 1 1 /
OIL
WATER
GAS
DISGAS
METRIC
TABDIMS
  1 1 250 250 1 250 /
WELLDIMS
  2 1 1 2 /
START
  1 JAN 2026 /
UNIFOUT
GRID
INIT
DX
 2.5000000000e1 2.5000000000e1 2.5000000000e1 2.5000000000e1 2.5000000000e1 2.5000000000e1
 2.5000000000e1 2.5000000000e1 2.5000000000e1 2.5000000000e1 2.5000000000e1 2.5000000000e1
 2.5000000000e1 2.5000000000e1 2.5000000000e1 2.5000000000e1 2.5000000000e1 2.5000000000e1
 2.5000000000e1 2.5000000000e1 2.5000000000e1 2.5000000000e1 2.5000000000e1 2.5000000000e1
 2.5000000000e1 2.5000000000e1 2.5000000000e1 2.5000000000e1 2.5000000000e1 2.5000000000e1
 2.5000000000e1 2.5000000000e1 2.5000000000e1 2.5000000000e1 2.5000000000e1 2.5000000000e1
 2.5000000000e1 2.5000000000e1 2.5000000000e1 2.5000000000e1 /
DY
 2.0000000000e2 2.0000000000e2 2.0000000000e2 2.0000000000e2 2.0000000000e2 2.0000000000e2
 2.0000000000e2 2.0000000000e2 2.0000000000e2 2.0000000000e2 2.0000000000e2 2.0000000000e2
 2.0000000000e2 2.0000000000e2 2.0000000000e2 2.0000000000e2 2.0000000000e2 2.0000000000e2
 2.0000000000e2 2.0000000000e2 2.0000000000e2 2.0000000000e2 2.0000000000e2 2.0000000000e2
 2.0000000000e2 2.0000000000e2 2.0000000000e2 2.0000000000e2 2.0000000000e2 2.0000000000e2
 2.0000000000e2 2.0000000000e2 2.0000000000e2 2.0000000000e2 2.0000000000e2 2.0000000000e2
 2.0000000000e2 2.0000000000e2 2.0000000000e2 2.0000000000e2 /
DZ
 2.0000000000e1 2.0000000000e1 2.0000000000e1 2.0000000000e1 2.0000000000e1 2.0000000000e1
 2.0000000000e1 2.0000000000e1 2.0000000000e1 2.0000000000e1 2.0000000000e1 2.0000000000e1
 2.0000000000e1 2.0000000000e1 2.0000000000e1 2.0000000000e1 2.0000000000e1 2.0000000000e1
 2.0000000000e1 2.0000000000e1 2.0000000000e1 2.0000000000e1 2.0000000000e1 2.0000000000e1
 2.0000000000e1 2.0000000000e1 2.0000000000e1 2.0000000000e1 2.0000000000e1 2.0000000000e1
 2.0000000000e1 2.0000000000e1 2.0000000000e1 2.0000000000e1 2.0000000000e1 2.0000000000e1
 2.0000000000e1 2.0000000000e1 2.0000000000e1 2.0000000000e1 /
TOPS
 1.0000000000e3 1.0000000000e3 1.0000000000e3 1.0000000000e3 1.0000000000e3 1.0000000000e3
 1.0000000000e3 1.0000000000e3 1.0000000000e3 1.0000000000e3 1.0000000000e3 1.0000000000e3
 1.0000000000e3 1.0000000000e3 1.0000000000e3 1.0000000000e3 1.0000000000e3 1.0000000000e3
 1.0000000000e3 1.0000000000e3 1.0000000000e3 1.0000000000e3 1.0000000000e3 1.0000000000e3
 1.0000000000e3 1.0000000000e3 1.0000000000e3 1.0000000000e3 1.0000000000e3 1.0000000000e3
 1.0000000000e3 1.0000000000e3 1.0000000000e3 1.0000000000e3 1.0000000000e3 1.0000000000e3
 1.0000000000e3 1.0000000000e3 1.0000000000e3 1.0000000000e3 /
PORO
 2.0000000000e-1 2.0000000000e-1 2.0000000000e-1 2.0000000000e-1 2.0000000000e-1 2.0000000000e-1
 2.0000000000e-1 2.0000000000e-1 2.0000000000e-1 2.0000000000e-1 2.0000000000e-1 2.0000000000e-1
 2.0000000000e-1 2.0000000000e-1 2.0000000000e-1 2.0000000000e-1 2.0000000000e-1 2.0000000000e-1
 2.0000000000e-1 2.0000000000e-1 2.0000000000e-1 2.0000000000e-1 2.0000000000e-1 2.0000000000e-1
 2.0000000000e-1 2.0000000000e-1 2.0000000000e-1 2.0000000000e-1 2.0000000000e-1 2.0000000000e-1
 2.0000000000e-1 2.0000000000e-1 2.0000000000e-1 2.0000000000e-1 2.0000000000e-1 2.0000000000e-1
 2.0000000000e-1 2.0000000000e-1 2.0000000000e-1 2.0000000000e-1 /
PERMX
 1.0000000000e2 1.0000000000e2 1.0000000000e2 1.0000000000e2 1.0000000000e2 1.0000000000e2
 1.0000000000e2 1.0000000000e2 1.0000000000e2 1.0000000000e2 1.0000000000e2 1.0000000000e2
 1.0000000000e2 1.0000000000e2 1.0000000000e2 1.0000000000e2 1.0000000000e2 1.0000000000e2
 1.0000000000e2 1.0000000000e2 1.0000000000e2 1.0000000000e2 1.0000000000e2 1.0000000000e2
 1.0000000000e2 1.0000000000e2 1.0000000000e2 1.0000000000e2 1.0000000000e2 1.0000000000e2
 1.0000000000e2 1.0000000000e2 1.0000000000e2 1.0000000000e2 1.0000000000e2 1.0000000000e2
 1.0000000000e2 1.0000000000e2 1.0000000000e2 1.0000000000e2 /
PERMY
 1.0000000000e2 1.0000000000e2 1.0000000000e2 1.0000000000e2 1.0000000000e2 1.0000000000e2
 1.0000000000e2 1.0000000000e2 1.0000000000e2 1.0000000000e2 1.0000000000e2 1.0000000000e2
 1.0000000000e2 1.0000000000e2 1.0000000000e2 1.0000000000e2 1.0000000000e2 1.0000000000e2
 1.0000000000e2 1.0000000000e2 1.0000000000e2 1.0000000000e2 1.0000000000e2 1.0000000000e2
 1.0000000000e2 1.0000000000e2 1.0000000000e2 1.0000000000e2 1.0000000000e2 1.0000000000e2
 1.0000000000e2 1.0000000000e2 1.0000000000e2 1.0000000000e2 1.0000000000e2 1.0000000000e2
 1.0000000000e2 1.0000000000e2 1.0000000000e2 1.0000000000e2 /
PERMZ
 1.0000000000e2 1.0000000000e2 1.0000000000e2 1.0000000000e2 1.0000000000e2 1.0000000000e2
 1.0000000000e2 1.0000000000e2 1.0000000000e2 1.0000000000e2 1.0000000000e2 1.0000000000e2
 1.0000000000e2 1.0000000000e2 1.0000000000e2 1.0000000000e2 1.0000000000e2 1.0000000000e2
 1.0000000000e2 1.0000000000e2 1.0000000000e2 1.0000000000e2 1.0000000000e2 1.0000000000e2
 1.0000000000e2 1.0000000000e2 1.0000000000e2 1.0000000000e2 1.0000000000e2 1.0000000000e2
 1.0000000000e2 1.0000000000e2 1.0000000000e2 1.0000000000e2 1.0000000000e2 1.0000000000e2
 1.0000000000e2 1.0000000000e2 1.0000000000e2 1.0000000000e2 /
PROPS
PVTW
  175 1 3e-6 0.5 0 /
ROCK
  175 0e0 /
DENSITY
  800 1000 0.9 /
STONE2
SWOF
  0.10000000 0.0000000000e0 9.0000000000e-1 0
  0.11000000 1.2500000000e-4 8.7764062500e-1 0
  0.12000000 5.0000000000e-4 8.5556250000e-1 0
  0.13000000 1.1250000000e-3 8.3376562500e-1 0
  0.14000000 2.0000000000e-3 8.1225000000e-1 0
  0.15000000 3.1250000000e-3 7.9101562500e-1 0
  0.16000000 4.5000000000e-3 7.7006250000e-1 0
  0.17000000 6.1250000000e-3 7.4939062500e-1 0
  0.18000000 8.0000000000e-3 7.2900000000e-1 0
  0.19000000 1.0125000000e-2 7.0889062500e-1 0
  0.20000000 1.2500000000e-2 6.8906250000e-1 0
  0.21000000 1.5125000000e-2 6.6951562500e-1 0
  0.22000000 1.8000000000e-2 6.5025000000e-1 0
  0.23000000 2.1125000000e-2 6.3126562500e-1 0
  0.24000000 2.4500000000e-2 6.1256250000e-1 0
  0.25000000 2.8125000000e-2 5.9414062500e-1 0
  0.26000000 3.2000000000e-2 5.7600000000e-1 0
  0.27000000 3.6125000000e-2 5.5814062500e-1 0
  0.28000000 4.0500000000e-2 5.4056250000e-1 0
  0.29000000 4.5125000000e-2 5.2326562500e-1 0
  0.30000000 5.0000000000e-2 5.0625000000e-1 0
  0.31000000 5.5125000000e-2 4.8951562500e-1 0
  0.32000000 6.0500000000e-2 4.7306250000e-1 0
  0.33000000 6.6125000000e-2 4.5689062500e-1 0
  0.34000000 7.2000000000e-2 4.4100000000e-1 0
  0.35000000 7.8125000000e-2 4.2539062500e-1 0
  0.36000000 8.4500000000e-2 4.1006250000e-1 0
  0.37000000 9.1125000000e-2 3.9501562500e-1 0
  0.38000000 9.8000000000e-2 3.8025000000e-1 0
  0.39000000 1.0512500000e-1 3.6576562500e-1 0
  0.40000000 1.1250000000e-1 3.5156250000e-1 0
  0.41000000 1.2012500000e-1 3.3764062500e-1 0
  0.42000000 1.2800000000e-1 3.2400000000e-1 0
  0.43000000 1.3612500000e-1 3.1064062500e-1 0
  0.44000000 1.4450000000e-1 2.9756250000e-1 0
  0.45000000 1.5312500000e-1 2.8476562500e-1 0
  0.46000000 1.6200000000e-1 2.7225000000e-1 0
  0.47000000 1.7112500000e-1 2.6001562500e-1 0
  0.48000000 1.8050000000e-1 2.4806250000e-1 0
  0.49000000 1.9012500000e-1 2.3639062500e-1 0
  0.50000000 2.0000000000e-1 2.2500000000e-1 0
  0.51000000 2.1012500000e-1 2.1389062500e-1 0
  0.52000000 2.2050000000e-1 2.0306250000e-1 0
  0.53000000 2.3112500000e-1 1.9251562500e-1 0
  0.54000000 2.4200000000e-1 1.8225000000e-1 0
  0.55000000 2.5312500000e-1 1.7226562500e-1 0
  0.56000000 2.6450000000e-1 1.6256250000e-1 0
  0.57000000 2.7612500000e-1 1.5314062500e-1 0
  0.58000000 2.8800000000e-1 1.4400000000e-1 0
  0.59000000 3.0012500000e-1 1.3514062500e-1 0
  0.60000000 3.1250000000e-1 1.2656250000e-1 0
  0.61000000 3.2512500000e-1 1.1826562500e-1 0
  0.62000000 3.3800000000e-1 1.1025000000e-1 0
  0.63000000 3.5112500000e-1 1.0251562500e-1 0
  0.64000000 3.6450000000e-1 9.5062500000e-2 0
  0.65000000 3.7812500000e-1 8.7890625000e-2 0
  0.66000000 3.9200000000e-1 8.1000000000e-2 0
  0.67000000 4.0612500000e-1 7.4390625000e-2 0
  0.68000000 4.2050000000e-1 6.8062500000e-2 0
  0.69000000 4.3512500000e-1 6.2015625000e-2 0
  0.70000000 4.5000000000e-1 5.6250000000e-2 0
  0.71000000 4.6512500000e-1 5.0765625000e-2 0
  0.72000000 4.8050000000e-1 4.5562500000e-2 0
  0.73000000 4.9612500000e-1 4.0640625000e-2 0
  0.74000000 5.1200000000e-1 3.6000000000e-2 0
  0.75000000 5.2812500000e-1 3.1640625000e-2 0
  0.76000000 5.4450000000e-1 2.7562500000e-2 0
  0.77000000 5.6112500000e-1 2.3765625000e-2 0
  0.78000000 5.7800000000e-1 2.0250000000e-2 0
  0.79000000 5.9512500000e-1 1.7015625000e-2 0
  0.80000000 6.1250000000e-1 1.4062500000e-2 0
  0.81000000 6.3012500000e-1 1.1390625000e-2 0
  0.82000000 6.4800000000e-1 9.0000000000e-3 0
  0.83000000 6.6612500000e-1 6.8906250000e-3 0
  0.84000000 6.8450000000e-1 5.0625000000e-3 0
  0.85000000 7.0312500000e-1 3.5156250000e-3 0
  0.86000000 7.2200000000e-1 2.2500000000e-3 0
  0.87000000 7.4112500000e-1 1.2656250000e-3 0
  0.88000000 7.6050000000e-1 5.6250000000e-4 0
  0.89000000 7.8012500000e-1 1.4062500000e-4 0
  0.90000000 8.0000000000e-1 0.0000000000e0 0
  0.91000000 8.0000000000e-1 0.0000000000e0 0
  0.92000000 8.0000000000e-1 0.0000000000e0 0
  0.93000000 8.0000000000e-1 0.0000000000e0 0
  0.94000000 8.0000000000e-1 0.0000000000e0 0
  0.95000000 8.0000000000e-1 0.0000000000e0 0
  0.96000000 8.0000000000e-1 0.0000000000e0 0
  0.97000000 8.0000000000e-1 0.0000000000e0 0
  0.98000000 8.0000000000e-1 0.0000000000e0 0
  0.99000000 8.0000000000e-1 0.0000000000e0 0
  1.00000000 8.0000000000e-1 0.0000000000e0 0
/
SGOF
  0.00000000 0.0000000000e0 9.0000000000e-1 0
  0.01000000 0.0000000000e0 8.7764062500e-1 0
  0.02000000 0.0000000000e0 8.5556250000e-1 0
  0.03000000 0.0000000000e0 8.3376562500e-1 0
  0.04000000 0.0000000000e0 8.1225000000e-1 0
  0.05000000 0.0000000000e0 7.9101562500e-1 0
  0.06000000 9.7827974016e-4 7.7006250000e-1 0
  0.07000000 2.7669929526e-3 7.4939062500e-1 0
  0.08000000 5.0832906419e-3 7.2900000000e-1 0
  0.09000000 7.8262379212e-3 7.0889062500e-1 0
  0.10000000 1.0937500000e-2 6.8906250000e-1 0
  0.11000000 1.4377717135e-2 6.6951562500e-1 0
  0.12000000 1.8117994336e-2 6.5025000000e-1 0
  0.13000000 2.2135943621e-2 6.3126562500e-1 0
  0.14000000 2.6413552984e-2 6.1256250000e-1 0
  0.15000000 3.0935921677e-2 5.9414062500e-1 0
  0.16000000 3.5690455219e-2 5.7600000000e-1 0
  0.17000000 4.0666325135e-2 5.5814062500e-1 0
  0.18000000 4.5854090943e-2 5.4056250000e-1 0
  0.19000000 5.1245426625e-2 5.2326562500e-1 0
  0.20000000 5.6832917123e-2 5.0625000000e-1 0
  0.21000000 6.2609903370e-2 4.8951562500e-1 0
  0.22000000 6.8570361901e-2 4.7306250000e-1 0
  0.23000000 7.4708809721e-2 4.5689062500e-1 0
  0.24000000 8.1020227991e-2 4.4100000000e-1 0
  0.25000000 8.7500000000e-2 4.2539062500e-1 0
  0.26000000 9.4143860162e-2 4.1006250000e-1 0
  0.27000000 1.0094785164e-1 3.9501562500e-1 0
  0.28000000 1.0790829078e-1 3.8025000000e-1 0
  0.29000000 1.1502173708e-1 3.6576562500e-1 0
  0.30000000 1.2228496752e-1 3.5156250000e-1 0
  0.31000000 1.2969495461e-1 3.3764062500e-1 0
  0.32000000 1.3724884733e-1 3.2400000000e-1 0
  0.33000000 1.4494395469e-1 3.1064062500e-1 0
  0.34000000 1.5277773122e-1 2.9756250000e-1 0
  0.35000000 1.6074776437e-1 2.8476562500e-1 0
  0.36000000 1.6885176330e-1 2.7225000000e-1 0
  0.37000000 1.7708754897e-1 2.6001562500e-1 0
  0.38000000 1.8545304535e-1 2.4806250000e-1 0
  0.39000000 1.9394627155e-1 2.3639062500e-1 0
  0.40000000 2.0256533475e-1 2.2500000000e-1 0
  0.41000000 2.1130842387e-1 2.1389062500e-1 0
  0.42000000 2.2017380386e-1 2.0306250000e-1 0
  0.43000000 2.2915981050e-1 1.9251562500e-1 0
  0.44000000 2.3826484575e-1 1.8225000000e-1 0
  0.45000000 2.4748737342e-1 1.7226562500e-1 0
  0.46000000 2.5682591532e-1 1.6256250000e-1 0
  0.47000000 2.6627904771e-1 1.5314062500e-1 0
  0.48000000 2.7584539799e-1 1.4400000000e-1 0
  0.49000000 2.8552364175e-1 1.3514062500e-1 0
  0.50000000 2.9531250000e-1 1.2656250000e-1 0
  0.51000000 3.0521073662e-1 1.1826562500e-1 0
  0.52000000 3.1521715605e-1 1.1025000000e-1 0
  0.53000000 3.2533060108e-1 1.0251562500e-1 0
  0.54000000 3.3554995087e-1 9.5062500000e-2 0
  0.55000000 3.4587411908e-1 8.7890625000e-2 0
  0.56000000 3.5630205212e-1 8.1000000000e-2 0
  0.57000000 3.6683272755e-1 7.4390625000e-2 0
  0.58000000 3.7746515257e-1 6.8062500000e-2 0
  0.59000000 3.8819836263e-1 6.2015625000e-2 0
  0.60000000 3.9903142009e-1 5.6250000000e-2 0
  0.61000000 4.0996341300e-1 5.0765625000e-2 0
  0.62000000 4.2099345396e-1 4.5562500000e-2 0
  0.63000000 4.3212067904e-1 4.0640625000e-2 0
  0.64000000 4.4334424671e-1 3.6000000000e-2 0
  0.65000000 4.5466333699e-1 3.1640625000e-2 0
  0.66000000 4.6607715043e-1 2.7562500000e-2 0
  0.67000000 4.7758490737e-1 2.3765625000e-2 0
  0.68000000 4.8918584707e-1 2.0250000000e-2 0
  0.69000000 5.0087922696e-1 1.7015625000e-2 0
  0.70000000 5.1266432198e-1 1.4062500000e-2 0
  0.71000000 5.2454042385e-1 1.1390625000e-2 0
  0.72000000 5.3650684044e-1 9.0000000000e-3 0
  0.73000000 5.4856289521e-1 6.8906250000e-3 0
  0.74000000 5.6070792656e-1 5.0625000000e-3 0
  0.75000000 5.7294128735e-1 3.5156250000e-3 0
  0.76000000 5.8526234435e-1 2.2500000000e-3 0
  0.77000000 5.9767047777e-1 1.2656250000e-3 0
  0.78000000 6.1016508076e-1 5.6250000000e-4 0
  0.79000000 6.2274555900e-1 1.4062500000e-4 0
  0.80000000 6.3541133024e-1 0.0000000000e0 0
  0.81000000 6.4816182393e-1 0.0000000000e0 0
  0.82000000 6.6099648082e-1 0.0000000000e0 0
  0.83000000 6.7391475258e-1 0.0000000000e0 0
  0.84000000 6.8691610148e-1 0.0000000000e0 0
  0.85000000 7.0000000000e-1 0.0000000000e0 0
  0.86000000 7.0000000000e-1 0.0000000000e0 0
  0.87000000 7.0000000000e-1 0.0000000000e0 0
  0.88000000 7.0000000000e-1 0.0000000000e0 0
  0.89000000 7.0000000000e-1 0.0000000000e0 0
  0.90000000 7.0000000000e-1 0.0000000000e0 0
/
PVTO
  5.00000000 100.0000 1.0500000000e0 1.5000000000e0
           110.0000 1.0498950052e0 1.5001500075e0
           125.0000 1.0497375328e0 1.5003750469e0
           150.0000 1.0494751312e0 1.5007501875e0
           200.0000 1.0489505248e0 1.5015007503e0
  /
  5.50000000 102.5000 1.0532915361e0 1.4825716499e0
           112.5000 1.0531823138e0 1.4840375545e0
           127.5000 1.0530185042e0 1.4862413093e0
           152.5000 1.0527455511e0 1.4899273526e0
           202.5000 1.0522193099e0 1.4906725026e0
  /
  6.00000000 105.0000 1.0566037736e0 1.4654377880e0
           115.0000 1.0564902727e0 1.4681695318e0
           130.0000 1.0563200493e0 1.4722852136e0
           155.0000 1.0560364175e0 1.4791932858e0
           205.0000 1.0555085313e0 1.4799330673e0
  /
  6.50000000 107.5000 1.0599369085e0 1.4485910129e0
           117.5000 1.0598190772e0 1.4525404191e0
           132.5000 1.0596423622e0 1.4585034317e0
           157.5000 1.0593479228e0 1.4685468992e0
           207.5000 1.0588183813e0 1.4692813563e0
  /
  7.00000000 110.0000 1.0632911392e0 1.4320241692e0
           120.0000 1.0631689248e0 1.4371448610e0
           135.0000 1.0629856397e0 1.4448927179e0
           160.0000 1.0626802618e0 1.4579871232e0
           210.0000 1.0621490545e0 1.4587162990e0
  /
  7.50000000 112.5000 1.0666666667e0 1.4157303371e0
           122.5000 1.0665400158e0 1.4219776614e0
           137.5000 1.0663500806e0 1.4314499068e0
           162.5000 1.0660336318e0 1.4475129049e0
           212.5000 1.0655007482e0 1.4482368423e0
  /
  8.00000000 115.0000 1.0700636943e0 1.3997028232e0
           125.0000 1.0699325529e0 1.4070337767e0
           140.0000 1.0697358867e0 1.4181719107e0
           165.0000 1.0694082323e0 1.4371232088e0
           215.0000 1.0688736618e0 1.4378419501e0
  /
  8.50000000 117.5000 1.0734824281e0 1.3839351511e0
           127.5000 1.0733467413e0 1.3923083110e0
           142.5000 1.0731432621e0 1.4050557168e0
           167.5000 1.0728042657e0 1.4268170160e0
           217.5000 1.0722679977e0 1.4275306028e0
  /
  9.00000000 120.0000 1.0769230769e0 1.3684210526e0
           130.0000 1.0767827891e0 1.3777965105e0
           145.0000 1.0765724135e0 1.3920983856e0
           170.0000 1.0762219369e0 1.4165933237e0
           220.0000 1.0756839605e0 1.4173017974e0
  /
  9.50000000 122.5000 1.0803858521e0 1.3531544598e0
           132.5000 1.0802409068e0 1.3634937583e0
           147.5000 1.0800235503e0 1.3792970482e0
           172.5000 1.0796614533e0 1.4064511453e0
           222.5000 1.0791217575e0 1.4071545467e0
  /
  10.00000000 125.0000 1.0838709677e0 1.3381294964e0
           135.0000 1.0837213077e0 1.3493955695e0
           150.0000 1.0834968847e0 1.3666489045e0
           175.0000 1.0831230250e0 1.3963895098e0
           225.0000 1.0825815988e0 1.3970878791e0
  /
  10.50000000 127.5000 1.0873786408e0 1.3233404711e0
           137.5000 1.0872242080e0 1.3354975867e0
           152.5000 1.0869926316e0 1.3541512209e0
           177.5000 1.0866068648e0 1.3864074616e0
           227.5000 1.0860636971e0 1.3871008386e0
  /
  11.00000000 130.0000 1.0909090909e0 1.3087818697e0
           140.0000 1.0907498265e0 1.3217955754e0
           155.0000 1.0905110085e0 1.3418013286e0
           180.0000 1.0901131883e0 1.3765040600e0
           230.0000 1.0895682679e0 1.3771924841e0
  /
  11.50000000 132.5000 1.0944625407e0 1.2944483486e0
           142.5000 1.0942983849e0 1.3082854194e0
           157.5000 1.0940522360e0 1.3295966213e0
           182.5000 1.0936422138e0 1.3666783793e0
           232.5000 1.0930955294e0 1.3673618893e0
  /
  12.00000000 135.0000 1.0980392157e0 1.2803347280e0
           145.0000 1.0978701078e0 1.2949631174e0
           160.0000 1.0976165373e0 1.3175345540e0
           185.0000 1.0971941626e0 1.3569295081e0
           235.0000 1.0966457027e0 1.3576081425e0
  /
  12.50000000 137.5000 1.1016393443e0 1.2664359862e0
           147.5000 1.1014652229e0 1.2818247783e0
           162.5000 1.1012041387e0 1.3056126403e0
           187.5000 1.1007692588e0 1.3472565493e0
           237.5000 1.1002190117e0 1.3479303460e0
  /
  13.00000000 140.0000 1.1052631579e0 1.2527472527e0
           150.0000 1.1050839607e0 1.2688666178e0
           165.0000 1.1048152694e0 1.2938284519e0
           190.0000 1.1043677292e0 1.3376586197e0
           240.0000 1.1038156834e0 1.3383276162e0
  /
  13.50000000 142.5000 1.1089108911e0 1.2392638037e0
           152.5000 1.1087265547e0 1.2560849547e0
           167.5000 1.1084501617e0 1.2821796157e0
           192.5000 1.1079898040e0 1.3281348495e0
           242.5000 1.1074359476e0 1.3287990830e0
  /
  14.00000000 145.0000 1.1125827815e0 1.2259810555e0
           155.0000 1.1123932417e0 1.2434762074e0
           170.0000 1.1121090509e0 1.2706638131e0
           195.0000 1.1116357162e0 1.3186843828e0
           245.0000 1.1110800373e0 1.3193438899e0
  /
  14.50000000 147.5000 1.1162790698e0 1.2128945601e0
           157.5000 1.1160842615e0 1.2310368906e0
           172.5000 1.1157921753e0 1.2592787782e0
           197.5000 1.1153057018e0 1.3093063763e0
           247.5000 1.1147481883e0 1.3099611932e0
  /
  15.00000000 150.0000 1.1200000000e0 1.2000000000e0
           160.0000 1.1198880056e0 1.2000000000e0
           175.0000 1.1197200350e0 1.2000000000e0
           200.0000 1.1194401400e0 1.2000000000e0
           250.0000 1.1188805598e0 1.2000000000e0
  /
/
PVDG
  100.0000 1.0000000000e-2 2.0000000000e-2
  102.5000 9.6774193548e-3 2.0327868852e-2
  105.0000 9.3750000000e-3 2.0645161290e-2
  107.5000 9.0909090909e-3 2.0952380952e-2
  110.0000 8.8235294118e-3 2.1250000000e-2
  112.5000 8.5714285714e-3 2.1538461538e-2
  115.0000 8.3333333333e-3 2.1818181818e-2
  117.5000 8.1081081081e-3 2.2089552239e-2
  120.0000 7.8947368421e-3 2.2352941176e-2
  122.5000 7.6923076923e-3 2.2608695652e-2
  125.0000 7.5000000000e-3 2.2857142857e-2
  127.5000 7.3170731707e-3 2.3098591549e-2
  130.0000 7.1428571429e-3 2.3333333333e-2
  132.5000 6.9767441860e-3 2.3561643836e-2
  135.0000 6.8181818182e-3 2.3783783784e-2
  137.5000 6.6666666667e-3 2.4000000000e-2
  140.0000 6.5217391304e-3 2.4210526316e-2
  142.5000 6.3829787234e-3 2.4415584416e-2
  145.0000 6.2500000000e-3 2.4615384615e-2
  147.5000 6.1224489796e-3 2.4810126582e-2
  150.0000 6.0000000000e-3 2.5000000000e-2
  152.5000 5.9016393443e-3 2.5000000000e-2
  155.0000 5.8064516129e-3 2.5000000000e-2
  157.5000 5.7142857143e-3 2.5000000000e-2
  160.0000 5.6250000000e-3 2.5000000000e-2
  162.5000 5.5384615385e-3 2.5000000000e-2
  165.0000 5.4545454545e-3 2.5000000000e-2
  167.5000 5.3731343284e-3 2.5000000000e-2
  170.0000 5.2941176471e-3 2.5000000000e-2
  172.5000 5.2173913043e-3 2.5000000000e-2
  175.0000 5.1428571429e-3 2.5000000000e-2
  177.5000 5.0704225352e-3 2.5000000000e-2
  180.0000 5.0000000000e-3 2.5000000000e-2
  182.5000 4.9315068493e-3 2.5000000000e-2
  185.0000 4.8648648649e-3 2.5000000000e-2
  187.5000 4.8000000000e-3 2.5000000000e-2
  190.0000 4.7368421053e-3 2.5000000000e-2
  192.5000 4.6753246753e-3 2.5000000000e-2
  195.0000 4.6153846154e-3 2.5000000000e-2
  197.5000 4.5569620253e-3 2.5000000000e-2
  200.0000 4.5000000000e-3 2.5000000000e-2
/
SOLUTION
PRESSURE
 1.7500000000e2 1.7500000000e2 1.7500000000e2 1.7500000000e2 1.7500000000e2 1.7500000000e2
 1.7500000000e2 1.7500000000e2 1.7500000000e2 1.7500000000e2 1.7500000000e2 1.7500000000e2
 1.7500000000e2 1.7500000000e2 1.7500000000e2 1.7500000000e2 1.7500000000e2 1.7500000000e2
 1.7500000000e2 1.7500000000e2 1.7500000000e2 1.7500000000e2 1.7500000000e2 1.7500000000e2
 1.7500000000e2 1.7500000000e2 1.7500000000e2 1.7500000000e2 1.7500000000e2 1.7500000000e2
 1.7500000000e2 1.7500000000e2 1.7500000000e2 1.7500000000e2 1.7500000000e2 1.7500000000e2
 1.7500000000e2 1.7500000000e2 1.7500000000e2 1.7500000000e2 /
SWAT
 1.0000000000e-1 1.0000000000e-1 1.0000000000e-1 1.0000000000e-1 1.0000000000e-1 1.0000000000e-1
 1.0000000000e-1 1.0000000000e-1 1.0000000000e-1 1.0000000000e-1 1.0000000000e-1 1.0000000000e-1
 1.0000000000e-1 1.0000000000e-1 1.0000000000e-1 1.0000000000e-1 1.0000000000e-1 1.0000000000e-1
 1.0000000000e-1 1.0000000000e-1 1.0000000000e-1 1.0000000000e-1 1.0000000000e-1 1.0000000000e-1
 1.0000000000e-1 1.0000000000e-1 1.0000000000e-1 1.0000000000e-1 1.0000000000e-1 1.0000000000e-1
 1.0000000000e-1 1.0000000000e-1 1.0000000000e-1 1.0000000000e-1 1.0000000000e-1 1.0000000000e-1
 1.0000000000e-1 1.0000000000e-1 1.0000000000e-1 1.0000000000e-1 /
SGAS
 0.0000000000e0 0.0000000000e0 0.0000000000e0 0.0000000000e0 0.0000000000e0 0.0000000000e0
 0.0000000000e0 0.0000000000e0 0.0000000000e0 0.0000000000e0 0.0000000000e0 0.0000000000e0
 0.0000000000e0 0.0000000000e0 0.0000000000e0 0.0000000000e0 0.0000000000e0 0.0000000000e0
 0.0000000000e0 0.0000000000e0 0.0000000000e0 0.0000000000e0 0.0000000000e0 0.0000000000e0
 0.0000000000e0 0.0000000000e0 0.0000000000e0 0.0000000000e0 0.0000000000e0 0.0000000000e0
 0.0000000000e0 0.0000000000e0 0.0000000000e0 0.0000000000e0 0.0000000000e0 0.0000000000e0
 0.0000000000e0 0.0000000000e0 0.0000000000e0 0.0000000000e0 /
RS
 1.5000000000e1 1.5000000000e1 1.5000000000e1 1.5000000000e1 1.5000000000e1 1.5000000000e1
 1.5000000000e1 1.5000000000e1 1.5000000000e1 1.5000000000e1 1.5000000000e1 1.5000000000e1
 1.5000000000e1 1.5000000000e1 1.5000000000e1 1.5000000000e1 1.5000000000e1 1.5000000000e1
 1.5000000000e1 1.5000000000e1 1.5000000000e1 1.5000000000e1 1.5000000000e1 1.5000000000e1
 1.5000000000e1 1.5000000000e1 1.5000000000e1 1.5000000000e1 1.5000000000e1 1.5000000000e1
 1.5000000000e1 1.5000000000e1 1.5000000000e1 1.5000000000e1 1.5000000000e1 1.5000000000e1
 1.5000000000e1 1.5000000000e1 1.5000000000e1 1.5000000000e1 /
SUMMARY
FOPR
FWPR
FWIR
FOPT
FWPT
FWIT
FGPR
FGPT
WBHP
/
SCHEDULE
RPTRST
  BASIC=2 /
DRSDT
  0 /
WELSPECS
  'PROD' 'G' 40 1 1* 'OIL' /
/
COMPDAT
  'PROD' 40 1 1 1 'OPEN' 2* 0.2 /
/
WCONPROD
  'PROD' 'OPEN' 'BHP' 5* 120 /
/
TSTEP
  20*5 /
END
