-- Generated by src/lib/ressim/src/tests/opm_small_direct.rs; do not edit by hand.
-- Case go-1d-50: gas_injection scenario base case: dead oil displaced by gas in a 50-cell column, both wells on BHP.
-- Tables are ResSim's own relperm/PVT functions sampled onto dense nodes.
-- Run with: flow CASE.DATA --enable-gravity=false
RUNSPEC
TITLE
  ressim small-direct go-1d-50 /
DIMENS
  50 1 1 /
OIL
WATER
GAS
METRIC
TABDIMS
  1 1 250 250 1 250 /
WELLDIMS
  2 1 1 2 /
START
  1 JAN 2026 /
UNIFOUT
GRID
INIT
DX
 2.0000000000e1 2.0000000000e1 2.0000000000e1 2.0000000000e1 2.0000000000e1 2.0000000000e1
 2.0000000000e1 2.0000000000e1 2.0000000000e1 2.0000000000e1 2.0000000000e1 2.0000000000e1
 2.0000000000e1 2.0000000000e1 2.0000000000e1 2.0000000000e1 2.0000000000e1 2.0000000000e1
 2.0000000000e1 2.0000000000e1 2.0000000000e1 2.0000000000e1 2.0000000000e1 2.0000000000e1
 2.0000000000e1 2.0000000000e1 2.0000000000e1 2.0000000000e1 2.0000000000e1 2.0000000000e1
 2.0000000000e1 2.0000000000e1 2.0000000000e1 2.0000000000e1 2.0000000000e1 2.0000000000e1
 2.0000000000e1 2.0000000000e1 2.0000000000e1 2.0000000000e1 2.0000000000e1 2.0000000000e1
 2.0000000000e1 2.0000000000e1 2.0000000000e1 2.0000000000e1 2.0000000000e1 2.0000000000e1
 2.0000000000e1 2.0000000000e1 /
DY
 5.0000000000e1 5.0000000000e1 5.0000000000e1 5.0000000000e1 5.0000000000e1 5.0000000000e1
 5.0000000000e1 5.0000000000e1 5.0000000000e1 5.0000000000e1 5.0000000000e1 5.0000000000e1
 5.0000000000e1 5.0000000000e1 5.0000000000e1 5.0000000000e1 5.0000000000e1 5.0000000000e1
 5.0000000000e1 5.0000000000e1 5.0000000000e1 5.0000000000e1 5.0000000000e1 5.0000000000e1
 5.0000000000e1 5.0000000000e1 5.0000000000e1 5.0000000000e1 5.0000000000e1 5.0000000000e1
 5.0000000000e1 5.0000000000e1 5.0000000000e1 5.0000000000e1 5.0000000000e1 5.0000000000e1
 5.0000000000e1 5.0000000000e1 5.0000000000e1 5.0000000000e1 5.0000000000e1 5.0000000000e1
 5.0000000000e1 5.0000000000e1 5.0000000000e1 5.0000000000e1 5.0000000000e1 5.0000000000e1
 5.0000000000e1 5.0000000000e1 /
DZ
 1.0000000000e1 1.0000000000e1 1.0000000000e1 1.0000000000e1 1.0000000000e1 1.0000000000e1
 1.0000000000e1 1.0000000000e1 1.0000000000e1 1.0000000000e1 1.0000000000e1 1.0000000000e1
 1.0000000000e1 1.0000000000e1 1.0000000000e1 1.0000000000e1 1.0000000000e1 1.0000000000e1
 1.0000000000e1 1.0000000000e1 1.0000000000e1 1.0000000000e1 1.0000000000e1 1.0000000000e1
 1.0000000000e1 1.0000000000e1 1.0000000000e1 1.0000000000e1 1.0000000000e1 1.0000000000e1
 1.0000000000e1 1.0000000000e1 1.0000000000e1 1.0000000000e1 1.0000000000e1 1.0000000000e1
 1.0000000000e1 1.0000000000e1 1.0000000000e1 1.0000000000e1 1.0000000000e1 1.0000000000e1
 1.0000000000e1 1.0000000000e1 1.0000000000e1 1.0000000000e1 1.0000000000e1 1.0000000000e1
 1.0000000000e1 1.0000000000e1 /
TOPS
 1.0000000000e3 1.0000000000e3 1.0000000000e3 1.0000000000e3 1.0000000000e3 1.0000000000e3
 1.0000000000e3 1.0000000000e3 1.0000000000e3 1.0000000000e3 1.0000000000e3 1.0000000000e3
 1.0000000000e3 1.0000000000e3 1.0000000000e3 1.0000000000e3 1.0000000000e3 1.0000000000e3
 1.0000000000e3 1.0000000000e3 1.0000000000e3 1.0000000000e3 1.0000000000e3 1.0000000000e3
 1.0000000000e3 1.0000000000e3 1.0000000000e3 1.0000000000e3 1.0000000000e3 1.0000000000e3
 1.0000000000e3 1.0000000000e3 1.0000000000e3 1.0000000000e3 1.0000000000e3 1.0000000000e3
 1.0000000000e3 1.0000000000e3 1.0000000000e3 1.0000000000e3 1.0000000000e3 1.0000000000e3
 1.0000000000e3 1.0000000000e3 1.0000000000e3 1.0000000000e3 1.0000000000e3 1.0000000000e3
 1.0000000000e3 1.0000000000e3 /
PORO
 2.0000000000e-1 2.0000000000e-1 2.0000000000e-1 2.0000000000e-1 2.0000000000e-1 2.0000000000e-1
 2.0000000000e-1 2.0000000000e-1 2.0000000000e-1 2.0000000000e-1 2.0000000000e-1 2.0000000000e-1
 2.0000000000e-1 2.0000000000e-1 2.0000000000e-1 2.0000000000e-1 2.0000000000e-1 2.0000000000e-1
 2.0000000000e-1 2.0000000000e-1 2.0000000000e-1 2.0000000000e-1 2.0000000000e-1 2.0000000000e-1
 2.0000000000e-1 2.0000000000e-1 2.0000000000e-1 2.0000000000e-1 2.0000000000e-1 2.0000000000e-1
 2.0000000000e-1 2.0000000000e-1 2.0000000000e-1 2.0000000000e-1 2.0000000000e-1 2.0000000000e-1
 2.0000000000e-1 2.0000000000e-1 2.0000000000e-1 2.0000000000e-1 2.0000000000e-1 2.0000000000e-1
 2.0000000000e-1 2.0000000000e-1 2.0000000000e-1 2.0000000000e-1 2.0000000000e-1 2.0000000000e-1
 2.0000000000e-1 2.0000000000e-1 /
PERMX
 1.0000000000e2 1.0000000000e2 1.0000000000e2 1.0000000000e2 1.0000000000e2 1.0000000000e2
 1.0000000000e2 1.0000000000e2 1.0000000000e2 1.0000000000e2 1.0000000000e2 1.0000000000e2
 1.0000000000e2 1.0000000000e2 1.0000000000e2 1.0000000000e2 1.0000000000e2 1.0000000000e2
 1.0000000000e2 1.0000000000e2 1.0000000000e2 1.0000000000e2 1.0000000000e2 1.0000000000e2
 1.0000000000e2 1.0000000000e2 1.0000000000e2 1.0000000000e2 1.0000000000e2 1.0000000000e2
 1.0000000000e2 1.0000000000e2 1.0000000000e2 1.0000000000e2 1.0000000000e2 1.0000000000e2
 1.0000000000e2 1.0000000000e2 1.0000000000e2 1.0000000000e2 1.0000000000e2 1.0000000000e2
 1.0000000000e2 1.0000000000e2 1.0000000000e2 1.0000000000e2 1.0000000000e2 1.0000000000e2
 1.0000000000e2 1.0000000000e2 /
PERMY
 1.0000000000e2 1.0000000000e2 1.0000000000e2 1.0000000000e2 1.0000000000e2 1.0000000000e2
 1.0000000000e2 1.0000000000e2 1.0000000000e2 1.0000000000e2 1.0000000000e2 1.0000000000e2
 1.0000000000e2 1.0000000000e2 1.0000000000e2 1.0000000000e2 1.0000000000e2 1.0000000000e2
 1.0000000000e2 1.0000000000e2 1.0000000000e2 1.0000000000e2 1.0000000000e2 1.0000000000e2
 1.0000000000e2 1.0000000000e2 1.0000000000e2 1.0000000000e2 1.0000000000e2 1.0000000000e2
 1.0000000000e2 1.0000000000e2 1.0000000000e2 1.0000000000e2 1.0000000000e2 1.0000000000e2
 1.0000000000e2 1.0000000000e2 1.0000000000e2 1.0000000000e2 1.0000000000e2 1.0000000000e2
 1.0000000000e2 1.0000000000e2 1.0000000000e2 1.0000000000e2 1.0000000000e2 1.0000000000e2
 1.0000000000e2 1.0000000000e2 /
PERMZ
 1.0000000000e1 1.0000000000e1 1.0000000000e1 1.0000000000e1 1.0000000000e1 1.0000000000e1
 1.0000000000e1 1.0000000000e1 1.0000000000e1 1.0000000000e1 1.0000000000e1 1.0000000000e1
 1.0000000000e1 1.0000000000e1 1.0000000000e1 1.0000000000e1 1.0000000000e1 1.0000000000e1
 1.0000000000e1 1.0000000000e1 1.0000000000e1 1.0000000000e1 1.0000000000e1 1.0000000000e1
 1.0000000000e1 1.0000000000e1 1.0000000000e1 1.0000000000e1 1.0000000000e1 1.0000000000e1
 1.0000000000e1 1.0000000000e1 1.0000000000e1 1.0000000000e1 1.0000000000e1 1.0000000000e1
 1.0000000000e1 1.0000000000e1 1.0000000000e1 1.0000000000e1 1.0000000000e1 1.0000000000e1
 1.0000000000e1 1.0000000000e1 1.0000000000e1 1.0000000000e1 1.0000000000e1 1.0000000000e1
 1.0000000000e1 1.0000000000e1 /
PROPS
PVTW
  250 1 3e-6 0.5 0 /
ROCK
  250 1e-6 /
DENSITY
  800 1000 10 /
STONE2
SWOF
  0.20000000 0.0000000000e0 1.0000000000e0 0
  0.20888889 7.4804587625e-5 9.7283658412e-1 0
  0.21777778 2.9921835050e-4 9.4604719118e-1 0
  0.22666667 6.7324128863e-4 9.1963182117e-1 0
  0.23555556 1.1968734020e-3 8.9359047410e-1 0
  0.24444444 1.8701146906e-3 8.6792314997e-1 0
  0.25333333 2.6929651545e-3 8.4262984878e-1 0
  0.26222222 3.6654247936e-3 8.1771057053e-1 0
  0.27111111 4.7874936080e-3 7.9316531522e-1 0
  0.28000000 6.0591715976e-3 7.6899408284e-1 0
  0.28888889 7.4804587625e-3 7.4519687340e-1 0
  0.29777778 9.0513551026e-3 7.2177368690e-1 0
  0.30666667 1.0771860618e-2 6.9872452334e-1 0
  0.31555556 1.2641975309e-2 6.7604938272e-1 0
  0.32444444 1.4661699175e-2 6.5374826503e-1 0
  0.33333333 1.6831032216e-2 6.3182117028e-1 0
  0.34222222 1.9149974432e-2 6.1026809847e-1 0
  0.35111111 2.1618525824e-2 5.8908904960e-1 0
  0.36000000 2.4236686391e-2 5.6828402367e-1 0
  0.36888889 2.7004456133e-2 5.4785302067e-1 0
  0.37777778 2.9921835050e-2 5.2779604062e-1 0
  0.38666667 3.2988823143e-2 5.0811308350e-1 0
  0.39555556 3.6205420411e-2 4.8880414932e-1 0
  0.40444444 3.9571626854e-2 4.6986923807e-1 0
  0.41333333 4.3087442472e-2 4.5130834977e-1 0
  0.42222222 4.6752867266e-2 4.3312148440e-1 0
  0.43111111 5.0567901235e-2 4.1530864198e-1 0
  0.44000000 5.4532544379e-2 3.9786982249e-1 0
  0.44888889 5.8646796698e-2 3.8080502593e-1 0
  0.45777778 6.2910658193e-2 3.6411425232e-1 0
  0.46666667 6.7324128863e-2 3.4779750164e-1 0
  0.47555556 7.1887208708e-2 3.3185477391e-1 0
  0.48444444 7.6599897728e-2 3.1628606911e-1 0
  0.49333333 8.1462195924e-2 3.0109138725e-1 0
  0.50222222 8.6474103295e-2 2.8627072832e-1 0
  0.51111111 9.1635619841e-2 2.7182409234e-1 0
  0.52000000 9.6946745562e-2 2.5775147929e-1 0
  0.52888889 1.0240748046e-1 2.4405288918e-1 0
  0.53777778 1.0801782453e-1 2.3072832201e-1 0
  0.54666667 1.1377777778e-1 2.1777777778e-1 0
  0.55555556 1.1968734020e-1 2.0520125648e-1 0
  0.56444444 1.2574651180e-1 1.9299875813e-1 0
  0.57333333 1.3195529257e-1 1.8117028271e-1 0
  0.58222222 1.3831368252e-1 1.6971583023e-1 0
  0.59111111 1.4482168164e-1 1.5863540069e-1 0
  0.60000000 1.5147928994e-1 1.4792899408e-1 0
  0.60888889 1.5828650741e-1 1.3759661042e-1 0
  0.61777778 1.6524333406e-1 1.2763824969e-1 0
  0.62666667 1.7234976989e-1 1.1805391190e-1 0
  0.63555556 1.7960581489e-1 1.0884359705e-1 0
  0.64444444 1.8701146906e-1 1.0000730514e-1 0
  0.65333333 1.9456673241e-1 9.1545036160e-2 0
  0.66222222 2.0227160494e-1 8.3456790123e-2 0
  0.67111111 2.1012608664e-1 7.5742567025e-2 0
  0.68000000 2.1813017751e-1 6.8402366864e-2 0
  0.68888889 2.2628387757e-1 6.1436189641e-2 0
  0.69777778 2.3458718679e-1 5.4844035357e-2 0
  0.70666667 2.4304010519e-1 4.8625904011e-2 0
  0.71555556 2.5164263277e-1 4.2781795602e-2 0
  0.72444444 2.6039476952e-1 3.7311710132e-2 0
  0.73333333 2.6929651545e-1 3.2215647600e-2 0
  0.74222222 2.7834787055e-1 2.7493608006e-2 0
  0.75111111 2.8754883483e-1 2.3145591351e-2 0
  0.76000000 2.9689940828e-1 1.9171597633e-2 0
  0.76888889 3.0639959091e-1 1.5571626854e-2 0
  0.77777778 3.1604938272e-1 1.2345679012e-2 0
  0.78666667 3.2584878369e-1 9.4937541091e-3 0
  0.79555556 3.3579779385e-1 7.0158521441e-3 0
  0.80444444 3.4589641318e-1 4.9119731171e-3 0
  0.81333333 3.5614464168e-1 3.1821170283e-3 0
  0.82222222 3.6654247936e-1 1.8262838776e-3 0
  0.83111111 3.7708992622e-1 8.4447366499e-4 0
  0.84000000 3.8778698225e-1 2.3668639053e-4 0
  0.84888889 3.9863364745e-1 2.9220542041e-6 0
  0.85000000 4.0000000000e-1 1.8233656278e-33 0
  0.85777778 4.0000000000e-1 0.0000000000e0 0
  0.86666667 4.0000000000e-1 0.0000000000e0 0
  0.87555556 4.0000000000e-1 0.0000000000e0 0
  0.88444444 4.0000000000e-1 0.0000000000e0 0
  0.89333333 4.0000000000e-1 0.0000000000e0 0
  0.90222222 4.0000000000e-1 0.0000000000e0 0
  0.91111111 4.0000000000e-1 0.0000000000e0 0
  0.92000000 4.0000000000e-1 0.0000000000e0 0
  0.92888889 4.0000000000e-1 0.0000000000e0 0
  0.93777778 4.0000000000e-1 0.0000000000e0 0
  0.94666667 4.0000000000e-1 0.0000000000e0 0
  0.95555556 4.0000000000e-1 0.0000000000e0 0
  0.96444444 4.0000000000e-1 0.0000000000e0 0
  0.97333333 4.0000000000e-1 0.0000000000e0 0
  0.98222222 4.0000000000e-1 0.0000000000e0 0
  0.99111111 4.0000000000e-1 0.0000000000e0 0
  1.00000000 4.0000000000e-1 0.0000000000e0 0
/
SGOF
  0.00000000 0.0000000000e0 1.0000000000e0 0
  0.00888889 0.0000000000e0 9.7058984911e-1 0
  0.01777778 0.0000000000e0 9.4161865569e-1 0
  0.02666667 0.0000000000e0 9.1308641975e-1 0
  0.03555556 0.0000000000e0 8.8499314129e-1 0
  0.04444444 0.0000000000e0 8.5733882030e-1 0
  0.05000000 0.0000000000e0 8.4027777778e-1 0
  0.05333333 2.6288211784e-4 8.3012345679e-1 0
  0.06222222 1.8457300823e-3 8.0334705075e-1 0
  0.07111111 4.1899569832e-3 7.7700960219e-1 0
  0.08000000 7.0978171818e-3 7.5111111111e-1 0
  0.08888889 1.0475656018e-2 7.2565157750e-1 0
  0.09777778 1.4265330773e-2 7.0063100137e-1 0
  0.10666667 1.8426142562e-2 6.7604938272e-1 0
  0.11555556 2.2927525243e-2 6.5190672154e-1 0
  0.12444444 2.7745424055e-2 6.2820301783e-1 0
  0.13333333 3.2860264731e-2 6.0493827160e-1 0
  0.14222222 3.8255713065e-2 5.8211248285e-1 0
  0.15111111 4.3917868226e-2 5.5972565158e-1 0
  0.16000000 4.9834712222e-2 5.3777777778e-1 0
  0.16888889 5.5995719498e-2 5.1626886145e-1 0
  0.17777778 6.2391571313e-2 4.9519890261e-1 0
  0.18666667 6.9013941275e-2 4.7456790123e-1 0
  0.19555556 7.5855330743e-2 4.5437585734e-1 0
  0.20444444 8.2908940098e-2 4.3462277092e-1 0
  0.21333333 9.0168566421e-2 4.1530864198e-1 0
  0.22222222 9.7628520988e-2 3.9643347051e-1 0
  0.23111111 1.0528356192e-1 3.7799725652e-1 0
  0.24000000 1.1312883855e-1 3.6000000000e-1 0
  0.24888889 1.2115984506e-1 3.4244170096e-1 0
  0.25777778 1.2937238146e-1 3.2532235940e-1 0
  0.26666667 1.3776252045e-1 3.0864197531e-1 0
  0.27555556 1.4632657914e-1 2.9240054870e-1 0
  0.28444444 1.5506109473e-1 2.7659807956e-1 0
  0.29333333 1.6396280336e-1 2.6123456790e-1 0
  0.30222222 1.7302862181e-1 2.4631001372e-1 0
  0.31111111 1.8225563141e-1 2.3182441701e-1 0
  0.32000000 1.9164106391e-1 2.1777777778e-1 0
  0.32888889 2.0118228895e-1 2.0417009602e-1 0
  0.33777778 2.1087680305e-1 1.9100137174e-1 0
  0.34666667 2.2072221963e-1 1.7827160494e-1 0
  0.35555556 2.3071626029e-1 1.6598079561e-1 0
  0.36444444 2.4085674678e-1 1.5412894376e-1 0
  0.37333333 2.5114159394e-1 1.4271604938e-1 0
  0.38222222 2.6156880321e-1 1.3174211248e-1 0
  0.39111111 2.7213645682e-1 1.2120713306e-1 0
  0.40000000 2.8284271247e-1 1.1111111111e-1 0
  0.40888889 2.9368579854e-1 1.0145404664e-1 0
  0.41777778 3.0466400964e-1 9.2235939643e-2 0
  0.42666667 3.1577570260e-1 8.3456790123e-2 0
  0.43555556 3.2701929279e-1 7.5116598080e-2 0
  0.44444444 3.3839325070e-1 6.7215363512e-2 0
  0.45333333 3.4989609885e-1 5.9753086420e-2 0
  0.46222222 3.6152640887e-1 5.2729766804e-2 0
  0.47111111 3.7328279884e-1 4.6145404664e-2 0
  0.48000000 3.8516393087e-1 4.0000000000e-2 0
  0.48888889 3.9716850876e-1 3.4293552812e-2 0
  0.49777778 4.0929527589e-1 2.9026063100e-2 0
  0.50666667 4.2154301327e-1 2.4197530864e-2 0
  0.51555556 4.3391053768e-1 1.9807956104e-2 0
  0.52444444 4.4639669994e-1 1.5857338820e-2 0
  0.53333333 4.5900038334e-1 1.2345679012e-2 0
  0.54222222 4.7172050212e-1 9.2729766804e-3 0
  0.55111111 4.8455600006e-1 6.6392318244e-3 0
  0.56000000 4.9750584918e-1 4.4444444444e-3 0
  0.56888889 5.1056904851e-1 2.6886145405e-3 0
  0.57777778 5.2374462290e-1 1.3717421125e-3 0
  0.58666667 5.3703162194e-1 4.9382716049e-4 0
  0.59555556 5.5042911895e-1 5.4869684499e-5 0
  0.60000000 5.5716902084e-1 0.0000000000e0 0
  0.60444444 5.6393620997e-1 0.0000000000e0 0
  0.61333333 5.7755201290e-1 0.0000000000e0 0
  0.62222222 5.9127566659e-1 0.0000000000e0 0
  0.63111111 6.0510633002e-1 0.0000000000e0 0
  0.64000000 6.1904318156e-1 0.0000000000e0 0
  0.64888889 6.3308541823e-1 0.0000000000e0 0
  0.65777778 6.4723225497e-1 0.0000000000e0 0
  0.66666667 6.6148292403e-1 0.0000000000e0 0
  0.67555556 6.7583667431e-1 0.0000000000e0 0
  0.68444444 6.9029277078e-1 0.0000000000e0 0
  0.69333333 7.0485049391e-1 0.0000000000e0 0
  0.70222222 7.1950913915e-1 0.0000000000e0 0
  0.71111111 7.3426801639e-1 0.0000000000e0 0
  0.72000000 7.4912644948e-1 0.0000000000e0 0
  0.72888889 7.6408377580e-1 0.0000000000e0 0
  0.73777778 7.7913934576e-1 0.0000000000e0 0
  0.74666667 7.9429252242e-1 0.0000000000e0 0
  0.75555556 8.0000000000e-1 0.0000000000e0 0
  0.76444444 8.0000000000e-1 0.0000000000e0 0
  0.77333333 8.0000000000e-1 0.0000000000e0 0
  0.78222222 8.0000000000e-1 0.0000000000e0 0
  0.79111111 8.0000000000e-1 0.0000000000e0 0
  0.80000000 8.0000000000e-1 0.0000000000e0 0
/
PVDO
  50.0000 1.0020020013e0 2.0000000000e0
  75.0000 1.0017515321e0 2.0000000000e0
  100.0000 1.0015011256e0 2.0000000000e0
  125.0000 1.0012507816e0 2.0000000000e0
  150.0000 1.0010005002e0 2.0000000000e0
  175.0000 1.0007502813e0 2.0000000000e0
  200.0000 1.0005001250e0 2.0000000000e0
  225.0000 1.0002500313e0 2.0000000000e0
  250.0000 1.0000000000e0 2.0000000000e0
  275.0000 9.9975003125e-1 2.0000000000e0
  300.0000 9.9950012498e-1 2.0000000000e0
  325.0000 9.9925028118e-1 2.0000000000e0
  350.0000 9.9900049983e-1 2.0000000000e0
  375.0000 9.9875078092e-1 2.0000000000e0
  400.0000 9.9850112444e-1 2.0000000000e0
  425.0000 9.9825153036e-1 2.0000000000e0
  450.0000 9.9800199867e-1 2.0000000000e0
  475.0000 9.9775252935e-1 2.0000000000e0
  500.0000 9.9750312240e-1 2.0000000000e0
  525.0000 9.9725377779e-1 2.0000000000e0
  550.0000 9.9700449550e-1 2.0000000000e0
  575.0000 9.9675527553e-1 2.0000000000e0
  600.0000 9.9650611786e-1 2.0000000000e0
  625.0000 9.9625702247e-1 2.0000000000e0
  650.0000 9.9600798934e-1 2.0000000000e0
/
PVDG
  50.0000 1.0202013400e0 2.0000000000e-2
  75.0000 1.0176540222e0 2.0000000000e-2
  100.0000 1.0151130646e0 2.0000000000e-2
  125.0000 1.0125784515e0 2.0000000000e-2
  150.0000 1.0100501671e0 2.0000000000e-2
  175.0000 1.0075281954e0 2.0000000000e-2
  200.0000 1.0050125209e0 2.0000000000e-2
  225.0000 1.0025031276e0 2.0000000000e-2
  250.0000 1.0000000000e0 2.0000000000e-2
  275.0000 9.9750312240e-1 2.0000000000e-2
  300.0000 9.9501247919e-1 2.0000000000e-2
  325.0000 9.9252805482e-1 2.0000000000e-2
  350.0000 9.9004983375e-1 2.0000000000e-2
  375.0000 9.8757780049e-1 2.0000000000e-2
  400.0000 9.8511193960e-1 2.0000000000e-2
  425.0000 9.8265223567e-1 2.0000000000e-2
  450.0000 9.8019867331e-1 2.0000000000e-2
  475.0000 9.7775123719e-1 2.0000000000e-2
  500.0000 9.7530991203e-1 2.0000000000e-2
  525.0000 9.7287468255e-1 2.0000000000e-2
  550.0000 9.7044553355e-1 2.0000000000e-2
  575.0000 9.6802244983e-1 2.0000000000e-2
  600.0000 9.6560541626e-1 2.0000000000e-2
  625.0000 9.6319441772e-1 2.0000000000e-2
  650.0000 9.6078943915e-1 2.0000000000e-2
/
SOLUTION
PRESSURE
 2.5000000000e2 2.5000000000e2 2.5000000000e2 2.5000000000e2 2.5000000000e2 2.5000000000e2
 2.5000000000e2 2.5000000000e2 2.5000000000e2 2.5000000000e2 2.5000000000e2 2.5000000000e2
 2.5000000000e2 2.5000000000e2 2.5000000000e2 2.5000000000e2 2.5000000000e2 2.5000000000e2
 2.5000000000e2 2.5000000000e2 2.5000000000e2 2.5000000000e2 2.5000000000e2 2.5000000000e2
 2.5000000000e2 2.5000000000e2 2.5000000000e2 2.5000000000e2 2.5000000000e2 2.5000000000e2
 2.5000000000e2 2.5000000000e2 2.5000000000e2 2.5000000000e2 2.5000000000e2 2.5000000000e2
 2.5000000000e2 2.5000000000e2 2.5000000000e2 2.5000000000e2 2.5000000000e2 2.5000000000e2
 2.5000000000e2 2.5000000000e2 2.5000000000e2 2.5000000000e2 2.5000000000e2 2.5000000000e2
 2.5000000000e2 2.5000000000e2 /
SWAT
 2.0000000000e-1 2.0000000000e-1 2.0000000000e-1 2.0000000000e-1 2.0000000000e-1 2.0000000000e-1
 2.0000000000e-1 2.0000000000e-1 2.0000000000e-1 2.0000000000e-1 2.0000000000e-1 2.0000000000e-1
 2.0000000000e-1 2.0000000000e-1 2.0000000000e-1 2.0000000000e-1 2.0000000000e-1 2.0000000000e-1
 2.0000000000e-1 2.0000000000e-1 2.0000000000e-1 2.0000000000e-1 2.0000000000e-1 2.0000000000e-1
 2.0000000000e-1 2.0000000000e-1 2.0000000000e-1 2.0000000000e-1 2.0000000000e-1 2.0000000000e-1
 2.0000000000e-1 2.0000000000e-1 2.0000000000e-1 2.0000000000e-1 2.0000000000e-1 2.0000000000e-1
 2.0000000000e-1 2.0000000000e-1 2.0000000000e-1 2.0000000000e-1 2.0000000000e-1 2.0000000000e-1
 2.0000000000e-1 2.0000000000e-1 2.0000000000e-1 2.0000000000e-1 2.0000000000e-1 2.0000000000e-1
 2.0000000000e-1 2.0000000000e-1 /
SGAS
 0.0000000000e0 0.0000000000e0 0.0000000000e0 0.0000000000e0 0.0000000000e0 0.0000000000e0
 0.0000000000e0 0.0000000000e0 0.0000000000e0 0.0000000000e0 0.0000000000e0 0.0000000000e0
 0.0000000000e0 0.0000000000e0 0.0000000000e0 0.0000000000e0 0.0000000000e0 0.0000000000e0
 0.0000000000e0 0.0000000000e0 0.0000000000e0 0.0000000000e0 0.0000000000e0 0.0000000000e0
 0.0000000000e0 0.0000000000e0 0.0000000000e0 0.0000000000e0 0.0000000000e0 0.0000000000e0
 0.0000000000e0 0.0000000000e0 0.0000000000e0 0.0000000000e0 0.0000000000e0 0.0000000000e0
 0.0000000000e0 0.0000000000e0 0.0000000000e0 0.0000000000e0 0.0000000000e0 0.0000000000e0
 0.0000000000e0 0.0000000000e0 0.0000000000e0 0.0000000000e0 0.0000000000e0 0.0000000000e0
 0.0000000000e0 0.0000000000e0 /
SUMMARY
FOPR
FWPR
FWIR
FOPT
FWPT
FWIT
FPR
FGPR
FGPT
FGOR
FGIR
FGIT
FVIT
WBHP
/
RUNSUM
SEPARATE
SCHEDULE
RPTRST
  BASIC=2 /
WELSPECS
  'PROD' 'G' 50 1 1* 'OIL' /
  'INJ' 'G' 1 1 1* 'GAS' /
/
COMPDAT
  'PROD' 50 1 1 1 'OPEN' 2* 0.2 /
  'INJ' 1 1 1 1 'OPEN' 2* 0.2 /
/
WCONPROD
  'PROD' 'OPEN' 'BHP' 5* 100 /
/
WCONINJE
  'INJ' 'GAS' 'OPEN' 'BHP' 1* 1* 350 /
/
TSTEP
  150*2 /
END
