-- Generated by src/lib/ressim/src/tests/opm_small_direct.rs; do not edit by hand.
-- Case dep-pvt-al-marhoun: dep_pvt scenario saturated-branch variant: Al-Marhoun Rs(p) below the same bubble point.
-- Tables are ResSim's own relperm/PVT functions sampled onto dense nodes.
-- Run with: flow CASE.DATA --enable-gravity=false
RUNSPEC
TITLE
  ressim small-direct dep-pvt-al-marhoun /
DIMENS
  48 1 1 /
OIL
WATER
GAS
DISGAS
METRIC
TABDIMS
  1 1 250 250 1 250 /
WELLDIMS
  2 1 1 2 /
START
  1 JAN 2026 /
UNIFOUT
GRID
INIT
DX
 1.0000000000e1 1.0000000000e1 1.0000000000e1 1.0000000000e1 1.0000000000e1 1.0000000000e1
 1.0000000000e1 1.0000000000e1 1.0000000000e1 1.0000000000e1 1.0000000000e1 1.0000000000e1
 1.0000000000e1 1.0000000000e1 1.0000000000e1 1.0000000000e1 1.0000000000e1 1.0000000000e1
 1.0000000000e1 1.0000000000e1 1.0000000000e1 1.0000000000e1 1.0000000000e1 1.0000000000e1
 1.0000000000e1 1.0000000000e1 1.0000000000e1 1.0000000000e1 1.0000000000e1 1.0000000000e1
 1.0000000000e1 1.0000000000e1 1.0000000000e1 1.0000000000e1 1.0000000000e1 1.0000000000e1
 1.0000000000e1 1.0000000000e1 1.0000000000e1 1.0000000000e1 1.0000000000e1 1.0000000000e1
 1.0000000000e1 1.0000000000e1 1.0000000000e1 1.0000000000e1 1.0000000000e1 1.0000000000e1
 /
DY
 1.0000000000e1 1.0000000000e1 1.0000000000e1 1.0000000000e1 1.0000000000e1 1.0000000000e1
 1.0000000000e1 1.0000000000e1 1.0000000000e1 1.0000000000e1 1.0000000000e1 1.0000000000e1
 1.0000000000e1 1.0000000000e1 1.0000000000e1 1.0000000000e1 1.0000000000e1 1.0000000000e1
 1.0000000000e1 1.0000000000e1 1.0000000000e1 1.0000000000e1 1.0000000000e1 1.0000000000e1
 1.0000000000e1 1.0000000000e1 1.0000000000e1 1.0000000000e1 1.0000000000e1 1.0000000000e1
 1.0000000000e1 1.0000000000e1 1.0000000000e1 1.0000000000e1 1.0000000000e1 1.0000000000e1
 1.0000000000e1 1.0000000000e1 1.0000000000e1 1.0000000000e1 1.0000000000e1 1.0000000000e1
 1.0000000000e1 1.0000000000e1 1.0000000000e1 1.0000000000e1 1.0000000000e1 1.0000000000e1
 /
DZ
 1.0000000000e1 1.0000000000e1 1.0000000000e1 1.0000000000e1 1.0000000000e1 1.0000000000e1
 1.0000000000e1 1.0000000000e1 1.0000000000e1 1.0000000000e1 1.0000000000e1 1.0000000000e1
 1.0000000000e1 1.0000000000e1 1.0000000000e1 1.0000000000e1 1.0000000000e1 1.0000000000e1
 1.0000000000e1 1.0000000000e1 1.0000000000e1 1.0000000000e1 1.0000000000e1 1.0000000000e1
 1.0000000000e1 1.0000000000e1 1.0000000000e1 1.0000000000e1 1.0000000000e1 1.0000000000e1
 1.0000000000e1 1.0000000000e1 1.0000000000e1 1.0000000000e1 1.0000000000e1 1.0000000000e1
 1.0000000000e1 1.0000000000e1 1.0000000000e1 1.0000000000e1 1.0000000000e1 1.0000000000e1
 1.0000000000e1 1.0000000000e1 1.0000000000e1 1.0000000000e1 1.0000000000e1 1.0000000000e1
 /
TOPS
 1.0000000000e3 1.0000000000e3 1.0000000000e3 1.0000000000e3 1.0000000000e3 1.0000000000e3
 1.0000000000e3 1.0000000000e3 1.0000000000e3 1.0000000000e3 1.0000000000e3 1.0000000000e3
 1.0000000000e3 1.0000000000e3 1.0000000000e3 1.0000000000e3 1.0000000000e3 1.0000000000e3
 1.0000000000e3 1.0000000000e3 1.0000000000e3 1.0000000000e3 1.0000000000e3 1.0000000000e3
 1.0000000000e3 1.0000000000e3 1.0000000000e3 1.0000000000e3 1.0000000000e3 1.0000000000e3
 1.0000000000e3 1.0000000000e3 1.0000000000e3 1.0000000000e3 1.0000000000e3 1.0000000000e3
 1.0000000000e3 1.0000000000e3 1.0000000000e3 1.0000000000e3 1.0000000000e3 1.0000000000e3
 1.0000000000e3 1.0000000000e3 1.0000000000e3 1.0000000000e3 1.0000000000e3 1.0000000000e3
 /
PORO
 2.0000000000e-1 2.0000000000e-1 2.0000000000e-1 2.0000000000e-1 2.0000000000e-1 2.0000000000e-1
 2.0000000000e-1 2.0000000000e-1 2.0000000000e-1 2.0000000000e-1 2.0000000000e-1 2.0000000000e-1
 2.0000000000e-1 2.0000000000e-1 2.0000000000e-1 2.0000000000e-1 2.0000000000e-1 2.0000000000e-1
 2.0000000000e-1 2.0000000000e-1 2.0000000000e-1 2.0000000000e-1 2.0000000000e-1 2.0000000000e-1
 2.0000000000e-1 2.0000000000e-1 2.0000000000e-1 2.0000000000e-1 2.0000000000e-1 2.0000000000e-1
 2.0000000000e-1 2.0000000000e-1 2.0000000000e-1 2.0000000000e-1 2.0000000000e-1 2.0000000000e-1
 2.0000000000e-1 2.0000000000e-1 2.0000000000e-1 2.0000000000e-1 2.0000000000e-1 2.0000000000e-1
 2.0000000000e-1 2.0000000000e-1 2.0000000000e-1 2.0000000000e-1 2.0000000000e-1 2.0000000000e-1
 /
PERMX
 2.0000000000e2 2.0000000000e2 2.0000000000e2 2.0000000000e2 2.0000000000e2 2.0000000000e2
 2.0000000000e2 2.0000000000e2 2.0000000000e2 2.0000000000e2 2.0000000000e2 2.0000000000e2
 2.0000000000e2 2.0000000000e2 2.0000000000e2 2.0000000000e2 2.0000000000e2 2.0000000000e2
 2.0000000000e2 2.0000000000e2 2.0000000000e2 2.0000000000e2 2.0000000000e2 2.0000000000e2
 2.0000000000e2 2.0000000000e2 2.0000000000e2 2.0000000000e2 2.0000000000e2 2.0000000000e2
 2.0000000000e2 2.0000000000e2 2.0000000000e2 2.0000000000e2 2.0000000000e2 2.0000000000e2
 2.0000000000e2 2.0000000000e2 2.0000000000e2 2.0000000000e2 2.0000000000e2 2.0000000000e2
 2.0000000000e2 2.0000000000e2 2.0000000000e2 2.0000000000e2 2.0000000000e2 2.0000000000e2
 /
PERMY
 2.0000000000e2 2.0000000000e2 2.0000000000e2 2.0000000000e2 2.0000000000e2 2.0000000000e2
 2.0000000000e2 2.0000000000e2 2.0000000000e2 2.0000000000e2 2.0000000000e2 2.0000000000e2
 2.0000000000e2 2.0000000000e2 2.0000000000e2 2.0000000000e2 2.0000000000e2 2.0000000000e2
 2.0000000000e2 2.0000000000e2 2.0000000000e2 2.0000000000e2 2.0000000000e2 2.0000000000e2
 2.0000000000e2 2.0000000000e2 2.0000000000e2 2.0000000000e2 2.0000000000e2 2.0000000000e2
 2.0000000000e2 2.0000000000e2 2.0000000000e2 2.0000000000e2 2.0000000000e2 2.0000000000e2
 2.0000000000e2 2.0000000000e2 2.0000000000e2 2.0000000000e2 2.0000000000e2 2.0000000000e2
 2.0000000000e2 2.0000000000e2 2.0000000000e2 2.0000000000e2 2.0000000000e2 2.0000000000e2
 /
PERMZ
 2.0000000000e1 2.0000000000e1 2.0000000000e1 2.0000000000e1 2.0000000000e1 2.0000000000e1
 2.0000000000e1 2.0000000000e1 2.0000000000e1 2.0000000000e1 2.0000000000e1 2.0000000000e1
 2.0000000000e1 2.0000000000e1 2.0000000000e1 2.0000000000e1 2.0000000000e1 2.0000000000e1
 2.0000000000e1 2.0000000000e1 2.0000000000e1 2.0000000000e1 2.0000000000e1 2.0000000000e1
 2.0000000000e1 2.0000000000e1 2.0000000000e1 2.0000000000e1 2.0000000000e1 2.0000000000e1
 2.0000000000e1 2.0000000000e1 2.0000000000e1 2.0000000000e1 2.0000000000e1 2.0000000000e1
 2.0000000000e1 2.0000000000e1 2.0000000000e1 2.0000000000e1 2.0000000000e1 2.0000000000e1
 2.0000000000e1 2.0000000000e1 2.0000000000e1 2.0000000000e1 2.0000000000e1 2.0000000000e1
 /
PROPS
PVTW
  280 1 3e-6 0.5 0 /
ROCK
  280 5e-5 /
DENSITY
  800 1000 10 /
STONE2
SWOF
  0.10000000 0.0000000000e0 1.0000000000e0 0
  0.11000000 1.5625000000e-4 9.7515625000e-1 0
  0.12000000 6.2500000000e-4 9.5062500000e-1 0
  0.13000000 1.4062500000e-3 9.2640625000e-1 0
  0.14000000 2.5000000000e-3 9.0250000000e-1 0
  0.15000000 3.9062500000e-3 8.7890625000e-1 0
  0.16000000 5.6250000000e-3 8.5562500000e-1 0
  0.17000000 7.6562500000e-3 8.3265625000e-1 0
  0.18000000 1.0000000000e-2 8.1000000000e-1 0
  0.19000000 1.2656250000e-2 7.8765625000e-1 0
  0.20000000 1.5625000000e-2 7.6562500000e-1 0
  0.21000000 1.8906250000e-2 7.4390625000e-1 0
  0.22000000 2.2500000000e-2 7.2250000000e-1 0
  0.23000000 2.6406250000e-2 7.0140625000e-1 0
  0.24000000 3.0625000000e-2 6.8062500000e-1 0
  0.25000000 3.5156250000e-2 6.6015625000e-1 0
  0.26000000 4.0000000000e-2 6.4000000000e-1 0
  0.27000000 4.5156250000e-2 6.2015625000e-1 0
  0.28000000 5.0625000000e-2 6.0062500000e-1 0
  0.29000000 5.6406250000e-2 5.8140625000e-1 0
  0.30000000 6.2500000000e-2 5.6250000000e-1 0
  0.31000000 6.8906250000e-2 5.4390625000e-1 0
  0.32000000 7.5625000000e-2 5.2562500000e-1 0
  0.33000000 8.2656250000e-2 5.0765625000e-1 0
  0.34000000 9.0000000000e-2 4.9000000000e-1 0
  0.35000000 9.7656250000e-2 4.7265625000e-1 0
  0.36000000 1.0562500000e-1 4.5562500000e-1 0
  0.37000000 1.1390625000e-1 4.3890625000e-1 0
  0.38000000 1.2250000000e-1 4.2250000000e-1 0
  0.39000000 1.3140625000e-1 4.0640625000e-1 0
  0.40000000 1.4062500000e-1 3.9062500000e-1 0
  0.41000000 1.5015625000e-1 3.7515625000e-1 0
  0.42000000 1.6000000000e-1 3.6000000000e-1 0
  0.43000000 1.7015625000e-1 3.4515625000e-1 0
  0.44000000 1.8062500000e-1 3.3062500000e-1 0
  0.45000000 1.9140625000e-1 3.1640625000e-1 0
  0.46000000 2.0250000000e-1 3.0250000000e-1 0
  0.47000000 2.1390625000e-1 2.8890625000e-1 0
  0.48000000 2.2562500000e-1 2.7562500000e-1 0
  0.49000000 2.3765625000e-1 2.6265625000e-1 0
  0.50000000 2.5000000000e-1 2.5000000000e-1 0
  0.51000000 2.6265625000e-1 2.3765625000e-1 0
  0.52000000 2.7562500000e-1 2.2562500000e-1 0
  0.53000000 2.8890625000e-1 2.1390625000e-1 0
  0.54000000 3.0250000000e-1 2.0250000000e-1 0
  0.55000000 3.1640625000e-1 1.9140625000e-1 0
  0.56000000 3.3062500000e-1 1.8062500000e-1 0
  0.57000000 3.4515625000e-1 1.7015625000e-1 0
  0.58000000 3.6000000000e-1 1.6000000000e-1 0
  0.59000000 3.7515625000e-1 1.5015625000e-1 0
  0.60000000 3.9062500000e-1 1.4062500000e-1 0
  0.61000000 4.0640625000e-1 1.3140625000e-1 0
  0.62000000 4.2250000000e-1 1.2250000000e-1 0
  0.63000000 4.3890625000e-1 1.1390625000e-1 0
  0.64000000 4.5562500000e-1 1.0562500000e-1 0
  0.65000000 4.7265625000e-1 9.7656250000e-2 0
  0.66000000 4.9000000000e-1 9.0000000000e-2 0
  0.67000000 5.0765625000e-1 8.2656250000e-2 0
  0.68000000 5.2562500000e-1 7.5625000000e-2 0
  0.69000000 5.4390625000e-1 6.8906250000e-2 0
  0.70000000 5.6250000000e-1 6.2500000000e-2 0
  0.71000000 5.8140625000e-1 5.6406250000e-2 0
  0.72000000 6.0062500000e-1 5.0625000000e-2 0
  0.73000000 6.2015625000e-1 4.5156250000e-2 0
  0.74000000 6.4000000000e-1 4.0000000000e-2 0
  0.75000000 6.6015625000e-1 3.5156250000e-2 0
  0.76000000 6.8062500000e-1 3.0625000000e-2 0
  0.77000000 7.0140625000e-1 2.6406250000e-2 0
  0.78000000 7.2250000000e-1 2.2500000000e-2 0
  0.79000000 7.4390625000e-1 1.8906250000e-2 0
  0.80000000 7.6562500000e-1 1.5625000000e-2 0
  0.81000000 7.8765625000e-1 1.2656250000e-2 0
  0.82000000 8.1000000000e-1 1.0000000000e-2 0
  0.83000000 8.3265625000e-1 7.6562500000e-3 0
  0.84000000 8.5562500000e-1 5.6250000000e-3 0
  0.85000000 8.7890625000e-1 3.9062500000e-3 0
  0.86000000 9.0250000000e-1 2.5000000000e-3 0
  0.87000000 9.2640625000e-1 1.4062500000e-3 0
  0.88000000 9.5062500000e-1 6.2500000000e-4 0
  0.89000000 9.7515625000e-1 1.5625000000e-4 0
  0.90000000 1.0000000000e0 0.0000000000e0 0
  0.91000000 1.0000000000e0 0.0000000000e0 0
  0.92000000 1.0000000000e0 0.0000000000e0 0
  0.93000000 1.0000000000e0 0.0000000000e0 0
  0.94000000 1.0000000000e0 0.0000000000e0 0
  0.95000000 1.0000000000e0 0.0000000000e0 0
  0.96000000 1.0000000000e0 0.0000000000e0 0
  0.97000000 1.0000000000e0 0.0000000000e0 0
  0.98000000 1.0000000000e0 0.0000000000e0 0
  0.99000000 1.0000000000e0 0.0000000000e0 0
  1.00000000 1.0000000000e0 0.0000000000e0 0
/
SGOF
  0.00000000 0.0000000000e0 1.0000000000e0 0
  0.01000000 0.0000000000e0 9.7351111111e-1 0
  0.02000000 0.0000000000e0 9.4737777778e-1 0
  0.03000000 0.0000000000e0 9.2160000000e-1 0
  0.04000000 0.0000000000e0 8.9617777778e-1 0
  0.05000000 0.0000000000e0 8.7111111111e-1 0
  0.05002323 1.5643946657e-7 8.7105330339e-1 0
  0.05002762 2.0287688816e-7 8.7104236597e-1 0
  0.05003285 2.6309877329e-7 8.7102935921e-1 0
  0.05003906 3.4119689598e-7 8.7101389160e-1 0
  0.05004645 4.4247763063e-7 8.7099549759e-1 0
  0.05005524 5.7382249345e-7 8.7097362355e-1 0
  0.05006570 7.4415570686e-7 8.7094761115e-1 0
  0.05007813 9.6505055547e-7 8.7091667752e-1 0
  0.05009291 1.2515157326e-6 8.7087989174e-1 0
  0.05011049 1.6230151053e-6 8.7083614684e-1 0
  0.05013139 2.1047901863e-6 8.7078412653e-1 0
  0.05015625 2.7295751678e-6 8.7072226562e-1 0
  0.05018581 3.5398210451e-6 8.7064870306e-1 0
  0.05022097 4.5905799476e-6 8.7056122598e-1 0
  0.05026278 5.9532456549e-6 8.7045720333e-1 0
  0.05031250 7.7204044438e-6 8.7033350694e-1 0
  0.05037163 1.0012125861e-5 8.7018641777e-1 0
  0.05044194 1.2984120842e-5 8.7001151445e-1 0
  0.05052556 1.6838321490e-5 8.6980354107e-1 0
  0.05062500 2.1836601343e-5 8.6955625000e-1 0
  0.05074325 2.8318568360e-5 8.6926221547e-1 0
  0.05088388 3.6724639581e-5 8.6891261224e-1 0
  0.05105112 4.7625965239e-5 8.6849695312e-1 0
  0.05125000 6.1763235550e-5 8.6800277778e-1 0
  0.05148651 8.0097006885e-5 8.6741528401e-1 0
  0.05176777 1.0387296674e-4 8.6671689114e-1 0
  0.05210224 1.3470657192e-4 8.6588672349e-1 0
  0.05250000 1.7469281074e-4 8.6490000000e-1 0
  0.05297302 2.2654854688e-4 8.6372731366e-1 0
  0.05353553 2.9379711665e-4 8.6233378228e-1 0
  0.05420448 3.8100772191e-4 8.6067804936e-1 0
  0.05500000 4.9410588440e-4 8.5871111111e-1 0
  0.05594604 6.4077605508e-4 8.5637494317e-1 0
  0.05707107 8.3098373390e-4 8.5360089789e-1 0
  0.05840896 1.0776525754e-3 8.5030784154e-1 0
  0.06000000 1.3975424859e-3 8.4640000000e-1 0
  0.06189207 1.8123883751e-3 8.4176448310e-1 0
  0.06414214 2.3503769332e-3 8.3626846245e-1 0
  0.06681793 3.0480617753e-3 8.2975598771e-1 0
  0.07000000 3.9528470752e-3 8.2204444444e-1 0
  0.07378414 5.1262084406e-3 8.1292068659e-1 0
  0.07828427 6.6478698712e-3 8.0213692490e-1 0
  0.08000000 7.2618437741e-3 7.9804444444e-1 0
  0.08363586 8.6212206031e-3 7.8940652728e-1 0
  0.09000000 1.1180339887e-2 7.7440000000e-1 0
  0.09756828 1.4499107001e-2 7.5674158802e-1 0
  0.10000000 1.5625000000e-2 7.5111111111e-1 0
  0.10656854 1.8803015465e-2 7.3600718312e-1 0
  0.11000000 2.0539595906e-2 7.2817777778e-1 0
  0.11727171 2.4384494202e-2 7.1172459536e-1 0
  0.12000000 2.5882849051e-2 7.0560000000e-1 0
  0.13000000 3.1622776602e-2 6.8337777778e-1 0
  0.14000000 3.7733647120e-2 6.6151111111e-1 0
  0.15000000 4.4194173824e-2 6.4000000000e-1 0
  0.16000000 5.0986364599e-2 6.1884444444e-1 0
  0.17000000 5.8094750193e-2 5.9804444444e-1 0
  0.18000000 6.5505844205e-2 5.7760000000e-1 0
  0.19000000 7.3207752322e-2 5.5751111111e-1 0
  0.20000000 8.1189881605e-2 5.3777777778e-1 0
  0.21000000 8.9442719100e-2 5.1840000000e-1 0
  0.22000000 9.7957659859e-2 4.9937777778e-1 0
  0.23000000 1.0672687103e-1 4.8071111111e-1 0
  0.24000000 1.1574318284e-1 4.6240000000e-1 0
  0.25000000 1.2500000000e-1 4.4444444444e-1 0
  0.26000000 1.3449122880e-1 4.2684444444e-1 0
  0.27000000 1.4421121662e-1 4.0960000000e-1 0
  0.28000000 1.5415470111e-1 3.9271111111e-1 0
  0.29000000 1.6431676725e-1 3.7617777778e-1 0
  0.30000000 1.7469281074e-1 3.6000000000e-1 0
  0.31000000 1.8527850658e-1 3.4417777778e-1 0
  0.32000000 1.9606978190e-1 3.2871111111e-1 0
  0.33000000 2.0706279241e-1 3.1360000000e-1 0
  0.34000000 2.1825390174e-1 2.9884444444e-1 0
  0.35000000 2.2963966339e-1 2.8444444444e-1 0
  0.36000000 2.4121680471e-1 2.7040000000e-1 0
  0.37000000 2.5298221281e-1 2.5671111111e-1 0
  0.38000000 2.6493292193e-1 2.4337777778e-1 0
  0.39000000 2.7706610222e-1 2.3040000000e-1 0
  0.40000000 2.8937904965e-1 2.1777777778e-1 0
  0.41000000 3.0186917696e-1 2.0551111111e-1 0
  0.42000000 3.1453400551e-1 1.9360000000e-1 0
  0.43000000 3.2737115786e-1 1.8204444444e-1 0
  0.44000000 3.4037835107e-1 1.7084444444e-1 0
  0.45000000 3.5355339059e-1 1.6000000000e-1 0
  0.46000000 3.6689416475e-1 1.4951111111e-1 0
  0.47000000 3.8039863959e-1 1.3937777778e-1 0
  0.48000000 3.9406485428e-1 1.2960000000e-1 0
  0.49000000 4.0789091679e-1 1.2017777778e-1 0
  0.50000000 4.2187500000e-1 1.1111111111e-1 0
  0.51000000 4.3601533803e-1 1.0240000000e-1 0
  0.52000000 4.5031022293e-1 9.4044444444e-2 0
  0.53000000 4.6475800154e-1 8.6044444444e-2 0
  0.54000000 4.7935707268e-1 7.8400000000e-2 0
  0.55000000 4.9410588440e-1 7.1111111111e-2 0
  0.56000000 5.0900293160e-1 6.4177777778e-2 0
  0.57000000 5.2404675364e-1 5.7600000000e-2 0
  0.58000000 5.3923593225e-1 5.1377777778e-2 0
  0.59000000 5.5456908947e-1 4.5511111111e-2 0
  0.60000000 5.7004488584e-1 4.0000000000e-2 0
  0.61000000 5.8566201857e-1 3.4844444444e-2 0
  0.62000000 6.0141921995e-1 3.0044444444e-2 0
  0.63000000 6.1731525576e-1 2.5600000000e-2 0
  0.64000000 6.3334892388e-1 2.1511111111e-2 0
  0.65000000 6.4951905284e-1 1.7777777778e-2 0
  0.66000000 6.6582450062e-1 1.4400000000e-2 0
  0.67000000 6.8226415339e-1 1.1377777778e-2 0
  0.68000000 6.9883692438e-1 8.7111111111e-3 0
  0.69000000 7.1554175280e-1 6.4000000000e-3 0
  0.70000000 7.3237760283e-1 4.4444444444e-3 0
  0.71000000 7.4934346264e-1 2.8444444444e-3 0
  0.72000000 7.6643834349e-1 1.6000000000e-3 0
  0.73000000 7.8366127887e-1 7.1111111111e-4 0
  0.74000000 8.0101132366e-1 1.7777777778e-4 0
  0.75000000 8.1848755336e-1 1.3695501827e-33 0
  0.76000000 8.3608906336e-1 0.0000000000e0 0
  0.77000000 8.5381496825e-1 0.0000000000e0 0
  0.78000000 8.7166440109e-1 0.0000000000e0 0
  0.79000000 8.8963651285e-1 0.0000000000e0 0
  0.80000000 9.0773047177e-1 0.0000000000e0 0
  0.81000000 9.2594546276e-1 0.0000000000e0 0
  0.82000000 9.4428068689e-1 0.0000000000e0 0
  0.83000000 9.6273536083e-1 0.0000000000e0 0
  0.84000000 9.8130871640e-1 0.0000000000e0 0
  0.85000000 1.0000000000e0 0.0000000000e0 0
  0.86000000 1.0000000000e0 0.0000000000e0 0
  0.87000000 1.0000000000e0 0.0000000000e0 0
  0.88000000 1.0000000000e0 0.0000000000e0 0
  0.89000000 1.0000000000e0 0.0000000000e0 0
  0.90000000 1.0000000000e0 0.0000000000e0 0
/
PVTO
  0.08424574 1.0000 1.0537287423e0 2.2752379924e0
           11.0000 1.0526755402e0 2.2775143684e0
           26.0000 1.0510977106e0 2.2809332034e0
           51.0000 1.0484732483e0 2.2866426703e0
           101.0000 1.0432439661e0 2.2981045144e0
           300.0000 1.0226886153e0 2.3442948639e0
  /
  0.74292309 3.4917 1.0552037979e0 2.2199127909e0
           13.4917 1.0541491216e0 2.2221338140e0
           28.4917 1.0525690832e0 2.2254695158e0
           53.4917 1.0499409470e0 2.2310401500e0
           103.4917 1.0447043447e0 2.2422232853e0
           300.0000 1.0243754280e0 2.2867206143e0
  /
  1.40160045 5.9833 1.0566829890e0 2.1670700883e0
           15.9833 1.0556268342e0 2.1692382423e0
           30.9833 1.0540445809e0 2.1724945413e0
           55.9833 1.0514127606e0 2.1779325723e0
           105.9833 1.0461688176e0 2.1888495048e0
           300.0000 1.0260670336e0 2.2317314790e0
  /
  2.06027781 8.4750 1.0581663330e0 2.1165464627e0
           18.4750 1.0571086956e0 2.1186640678e0
           33.4750 1.0555242212e0 2.1218444486e0
           58.4750 1.0528887064e0 2.1271556960e0
           108.4750 1.0476374021e0 2.1378181083e0
           300.0000 1.0277634522e0 2.1791572802e0
  /
  2.71895517 10.9667 1.0596538475e0 2.0681925282e0
           20.9667 1.0585947233e0 2.0702617551e0
           35.9667 1.0570080215e0 2.0733694780e0
           60.9667 1.0543688019e0 2.0785593864e0
           110.9667 1.0491101155e0 2.0889782086e0
           300.0000 1.0294647042e0 2.1288424566e0
  /
  3.37763253 13.4583 1.0611455499e0 2.0218714594e0
           23.4583 1.0600849348e0 2.0238943422e0
           38.4583 1.0584959994e0 2.0269324617e0
           63.4583 1.0558530644e0 2.0320061323e0
           113.4583 1.0505869753e0 2.0421916054e0
           300.0000 1.0311708100e0 2.0806445266e0
  /
  3.99387442 15.7895 1.0625449567e0 1.9802638804e0
           25.7895 1.0614829428e0 1.9822451348e0
           40.7895 1.0598919120e0 1.9852207336e0
           65.7895 1.0572454916e0 1.9901899944e0
           115.7895 1.0519724577e0 2.0001658633e0
           300.0000 1.0327714124e0 2.0373524807e0
  /
  4.06030993 15.9500 1.0626960544e0 1.9762444539e0
           25.9500 1.0616338895e0 1.9782216868e0
           40.9500 1.0600426324e0 1.9811912460e0
           65.9500 1.0573958357e0 1.9861504205e0
           115.9500 1.0521220520e0 1.9961060409e0
           300.0000 1.0329348574e0 2.0331845408e0
  /
  5.09151243 18.4417 1.0650468939e0 1.9157460278e0
           28.4417 1.0639823793e0 1.9176627320e0
           43.4417 1.0623876022e0 1.9205413846e0
           68.4417 1.0597349503e0 1.9253487447e0
           118.4417 1.0544495002e0 1.9349995955e0
           300.0000 1.0354778352e0 1.9704519856e0
  /
  6.12271494 20.9333 1.0674081572e0 1.8585968408e0
           30.9333 1.0663412826e0 1.8604563672e0
           45.9333 1.0647429697e0 1.8632491459e0
           70.9333 1.0620844368e0 1.8679130962e0
           120.9333 1.0567872686e0 1.8772760496e0
           300.0000 1.0380321532e0 1.9111945837e0
  /
  7.15391744 23.4250 1.0697799139e0 1.8045262595e0
           33.4250 1.0687106687e0 1.8063316884e0
           48.4250 1.0671088044e0 1.8090432190e0
           73.4250 1.0644443643e0 1.8135714850e0
           123.4250 1.0591354259e0 1.8226620499e0
           300.0000 1.0405978871e0 1.8551315264e0
  /
  8.18511995 25.9167 1.0721622341e0 1.7532920437e0
           35.9167 1.0710906077e0 1.7550462126e0
           50.9167 1.0694851762e0 1.7576807574e0
           75.9167 1.0668148026e0 1.7620804566e0
           125.9167 1.0614940416e0 1.7709129216e0
           300.0000 1.0431751131e0 1.8020114656e0
  /
  9.21632245 28.4083 1.0745551884e0 1.7046767176e0
           38.4083 1.0734811703e0 1.7063822469e0
           53.4083 1.0718721556e0 1.7089437409e0
           78.4083 1.0691958220e0 1.7132214452e0
           128.4083 1.0638631856e0 1.7218090034e0
           300.0000 1.0457639083e0 1.7516087493e0
  /
  10.24752496 30.9000 1.0769588483e0 1.6584844845e0
           40.9000 1.0758824277e0 1.6601437985e0
           55.9000 1.0742698138e0 1.6626358828e0
           80.9000 1.0715874936e0 1.6667976726e0
           130.9000 1.0662429287e0 1.6751525307e0
           300.0000 1.0483643502e0 1.7037202191e0
  /
  10.52851448 31.5789 1.0776156803e0 1.6462941477e0
           41.5789 1.0765386033e0 1.6479412653e0
           56.5789 1.0749250059e0 1.6504150320e0
           81.5789 1.0722410497e0 1.6545462315e0
           131.5789 1.0668932252e0 1.6628396790e0
           300.0000 1.0490749668e0 1.6910825671e0
  /
  11.45078151 33.3917 1.0797687756e0 1.6113185317e0
           43.3917 1.0786895465e0 1.6129306562e0
           58.3917 1.0770727251e0 1.6153518676e0
           83.3917 1.0743834064e0 1.6193952995e0
           133.3917 1.0690248968e0 1.6275125522e0
           300.0000 1.0513616023e0 1.6548554125e0
  /
  12.71848028 35.8833 1.0827423846e0 1.5653880941e0
           45.8833 1.0816601834e0 1.5669542652e0
           60.8833 1.0800389094e0 1.5693064603e0
           85.8833 1.0773421845e0 1.5732346346e0
           135.8833 1.0719689179e0 1.5811205060e0
           300.0000 1.0545196984e0 1.6072834301e0
  /
  13.98617905 38.3750 1.0857324171e0 1.5217706293e0
           48.3750 1.0846472274e0 1.5232931611e0
           63.3750 1.0830214762e0 1.5255798154e0
           88.3750 1.0803173041e0 1.5293985363e0
           138.3750 1.0749291991e0 1.5370646784e0
           300.0000 1.0576953025e0 1.5621093332e0
  /
  15.25387781 40.8667 1.0887390095e0 1.4802957128e0
           50.8667 1.0876508147e0 1.4817767489e0
           65.8667 1.0860205614e0 1.4840010818e0
           90.8667 1.0833089010e0 1.4877157259e0
           140.8667 1.0779058753e0 1.4951729320e0
           300.0000 1.0608885601e0 1.5191564399e0
  /
  16.52157658 43.3583 1.0917622997e0 1.4408092617e0
           53.3583 1.0906710831e0 1.4422507916e0
           68.3583 1.0890363029e0 1.4444157911e0
           93.3583 1.0863171125e0 1.4480313481e0
           143.3583 1.0808990833e0 1.4552896355e0
           300.0000 1.0640996183e0 1.4782650101e0
  /
  17.78927535 45.8500 1.0948024273e0 1.4031716218e0
           55.8500 1.0937081721e0 1.4045754953e0
           70.8500 1.0920688396e0 1.4066839395e0
           95.8500 1.0893420774e0 1.4102050489e0
           145.8500 1.0839089611e0 1.4172737311e0
           300.0000 1.0673286258e0 1.4392902621e0
  /
  18.56181066 47.3684 1.0966633972e0 1.3810872758e0
           57.3684 1.0955672819e0 1.3824690538e0
           72.3684 1.0939251629e0 1.3845443135e0
           97.3684 1.0911937656e0 1.3880100046e0
           147.3684 1.0857514140e0 1.3949674337e0
           300.0000 1.0693052483e0 1.4164223603e0
  /
  19.12846297 48.3417 1.0980197897e0 1.3669486605e0
           58.3417 1.0969223188e0 1.3683162929e0
           73.3417 1.0952781687e0 1.3703703074e0
           98.3417 1.0925433932e0 1.3738005192e0
           148.3417 1.0870943103e0 1.3806867229e0
           300.0000 1.0707320067e0 1.4017855741e0
  /
  20.57918481 50.8333 1.1015077143e0 1.3318868164e0
           60.8333 1.1004067572e0 1.3332193694e0
           75.8333 1.0987573844e0 1.3352206990e0
           100.8333 1.0960139217e0 1.3385629268e0
           150.8333 1.0905475294e0 1.3452725014e0
           300.0000 1.0744009216e0 1.3654898961e0
  /
  22.02990664 53.3250 1.1050178687e0 1.2983717005e0
           63.3250 1.1039134031e0 1.2996707216e0
           78.3250 1.1022587743e0 1.3016216906e0
           103.3250 1.0995065691e0 1.3048798158e0
           153.3250 1.0940227572e0 1.3114205530e0
           300.0000 1.0780932867e0 1.3307975728e0
  /
  23.48062848 55.8167 1.1085504661e0 1.2663031725e0
           65.8167 1.1074424697e0 1.2675701090e0
           80.8167 1.1057825512e0 1.2694728909e0
           105.8167 1.1030215476e0 1.2726505436e0
           155.8167 1.0975202046e0 1.2790297310e0
           300.0000 1.0818093270e0 1.2976047969e0
  /
  24.93135031 58.3083 1.1121057224e0 1.2355895539e0
           68.3083 1.1109941726e0 1.2368257614e0
           83.3083 1.1093289305e0 1.2386823922e0
           108.3083 1.1065590720e0 1.2417829723e0
           158.3083 1.1010400856e0 1.2480074353e0
           300.0000 1.0855492702e0 1.2658165328e0
  /
  26.38207215 60.8000 1.1156838564e0 1.2061467528e0
           70.8000 1.1145687302e0 1.2073535028e0
           85.8000 1.1128981304e0 1.2091658920e0
           110.8000 1.1101193599e0 1.2121925886e0
           160.8000 1.1045826165e0 1.2182687292e0
           300.0000 1.0893133472e0 1.2353456092e0
  /
  27.75490802 63.1579 1.1190911571e0 1.1793850120e0
           73.1579 1.1179726253e0 1.1805649869e0
           88.1579 1.1162969234e0 1.1823371632e0
           113.1579 1.1135096666e0 1.1852967040e0
           163.1579 1.1079560140e0 1.1912380284e0
           300.0000 1.0928977757e0 1.2076512251e0
  /
  27.84102480 63.2917 1.1193024056e0 1.1779166784e0
           73.2917 1.1181836627e0 1.1790951843e0
           88.2917 1.1165076445e0 1.1808651542e0
           113.2917 1.1137198616e0 1.1838210104e0
           163.2917 1.1081651606e0 1.1897549379e0
           300.0000 1.0931187025e0 1.2061315653e0
  /
  29.44505564 65.7833 1.1232517984e0 1.1511232944e0
           75.7833 1.1221291081e0 1.1522749934e0
           90.7833 1.1204471762e0 1.1540047029e0
           115.7833 1.1176495567e0 1.1568933239e0
           165.7833 1.1120752563e0 1.1626922758e0
           300.0000 1.0972490715e0 1.1784027384e0
  /
  31.04908648 68.2750 1.1272291603e0 1.1253444614e0
           78.2750 1.1261024946e0 1.1264703687e0
           93.2750 1.1244146071e0 1.1281613421e0
           118.2750 1.1216070814e0 1.1309852739e0
           168.2750 1.1160130428e0 1.1366543612e0
           300.0000 1.1014087596e0 1.1517259884e0
  /
  32.65311732 70.7667 1.1312347895e0 1.1005236250e0
           80.7667 1.1301041201e0 1.1016246991e0
           95.7667 1.1284102347e0 1.1032783761e0
           120.7667 1.1255927324e0 1.1060400226e0
           170.7667 1.1199788152e0 1.1115840713e0
           300.0000 1.1055980794e0 1.1260426682e0
  /
  34.25714816 73.2583 1.1352689883e0 1.0766083577e0
           83.2583 1.1341342868e0 1.0776855045e0
           98.2583 1.1324343606e0 1.0793032458e0
           123.2583 1.1296068106e0 1.0820048795e0
           173.2583 1.1239728731e0 1.0874284515e0
           300.0000 1.1098173478e0 1.1012984104e0
  /
  35.86117900 75.7500 1.1393320635e0 1.0535499887e0
           85.7500 1.1381933010e0 1.0546040657e0
           100.7500 1.1364872908e0 1.0561871588e0
           125.7500 1.1336496212e0 1.0588309300e0
           175.7500 1.1279955201e0 1.0641383421e0
           300.0000 1.1140668866e0 1.0774427435e0
  /
  37.46520984 78.2417 1.1434243264e0 1.0313032740e0
           88.2417 1.1422814736e0 1.0323350931e0
           103.2417 1.1405693358e0 1.0338847577e0
           128.2417 1.1377214738e0 1.0364727031e0
           178.2417 1.1320470642e0 1.0416680442e0
           300.0000 1.1183470218e0 1.0544287491e0
  /
  37.91951113 78.9474 1.1445887042e0 1.0251440496e0
           88.9474 1.1434446876e0 1.0261697064e0
           103.9474 1.1417308063e0 1.0277101160e0
           128.9474 1.1388800442e0 1.0302826055e0
           178.9474 1.1331998563e0 1.0354469186e0
           300.0000 1.1195648679e0 1.0480574489e0
  /
  39.16514681 80.7333 1.1477284716e0 1.0103091256e0
           90.7333 1.1465813168e0 1.0113199400e0
           105.7333 1.1448627341e0 1.0128380582e0
           130.7333 1.1420041519e0 1.0153733211e0
           180.7333 1.1363083825e0 1.0204629011e0
           300.0000 1.1228365081e0 1.0327064894e0
  /
  40.90297989 83.2250 1.1521377696e0 9.9018628368e-1
           93.2250 1.1509862077e0 9.9117696522e-1
           108.2250 1.1492610226e0 9.9266484630e-1
           133.2250 1.1463914585e0 9.9514961308e-1
           183.2250 1.1406738073e0 1.0001378213e0
           300.0000 1.1274310605e0 1.0118853883e0
  /
  42.64081297 85.7167 1.1565810773e0 9.7070316780e-1
           95.7167 1.1554250743e0 9.7167435648e-1
           110.7167 1.1536932359e0 9.7313296169e-1
           135.7167 1.1508126051e0 9.7556883767e-1
           185.7167 1.1450729033e0 9.8045889682e-1
           300.0000 1.1320611216e0 9.9172817982e-1
  /
  44.37864605 88.2083 1.1610587895e0 9.5182974894e-1
           98.2083 1.1598983111e0 9.5278205476e-1
           113.2083 1.1581597679e0 9.5421230026e-1
           138.2083 1.1552679847e0 9.5660081541e-1
           188.2083 1.1495060616e0 9.6139579695e-1
           300.0000 1.1367271038e0 9.7220369991e-1
  /
  46.11647912 90.7000 1.1655713075e0 9.3353784857e-1
           100.7000 1.1644063188e0 9.3447185334e-1
           115.7000 1.1626610186e0 9.3587461293e-1
           140.7000 1.1597579964e0 9.3821722651e-1
           190.7000 1.1539736792e0 9.4292005993e-1
           300.0000 1.1414294262e0 9.5328270487e-1
  /
  47.85431220 93.1917 1.1701190387e0 9.1580099827e-1
           103.1917 1.1689495045e0 9.1671725732e-1
           118.1917 1.1671973947e0 9.1809336503e-1
           143.1917 1.1642830456e0 9.2039146987e-1
           193.1917 1.1584761597e0 9.2500495131e-1
           300.0000 1.1461685139e0 9.3493772576e-1
  /
  48.93200731 94.7368 1.1729571271e0 9.0506956631e-1
           104.7368 1.1717847563e0 9.0597508856e-1
           119.7368 1.1700283967e0 9.0733507092e-1
           144.7368 1.1671069790e0 9.0960624639e-1
           194.7368 1.1612860087e0 9.1416566667e-1
           300.0000 1.1491260575e0 9.2383928764e-1
  /
  49.63764656 95.6833 1.1747758021e0 8.9887700761e-1
           105.6833 1.1736016135e0 8.9977633420e-1
           120.6833 1.1718425307e0 9.0112701146e-1
           145.6833 1.1689165834e0 9.0338264736e-1
           195.6833 1.1630865876e0 9.0791087172e-1
           300.0000 1.1510167199e0 9.1743146680e-1
  /
  51.49526313 98.1750 1.1795905950e0 8.8288457203e-1
           108.1750 1.1784115940e0 8.8376789819e-1
           123.1750 1.1766453017e0 8.8509454478e-1
           148.1750 1.1737073624e0 8.8731004936e-1
           198.1750 1.1678534725e0 8.9175770949e-1
           300.0000 1.1560221430e0 9.0088441988e-1
  /
  53.35287971 100.6667 1.1844450169e0 8.6732646168e-1
           110.6667 1.1832611639e0 8.6819422195e-1
           125.6667 1.1814876027e0 8.6949749049e-1
           150.6667 1.1785375728e0 8.7167395366e-1
           200.6667 1.1726595921e0 8.7604323753e-1
           300.0000 1.1610688362e0 8.8478863057e-1
  /
  55.21049628 103.1583 1.1893395592e0 8.5218522037e-1
           113.1583 1.1881508141e0 8.5303783183e-1
           128.1583 1.1863699239e0 8.5431834872e-1
           153.1583 1.1834077034e0 8.5645681656e-1
           203.1583 1.1775054329e0 8.6074982422e-1
           300.0000 1.1661573112e0 8.6912596147e-1
  /
  57.06811285 105.6500 1.1942747213e0 8.3744431502e-1
           115.6500 1.1930810435e0 8.3828217820e-1
           130.6500 1.1912927635e0 8.3954054501e-1
           155.6500 1.1883182512e0 8.4164202212e-1
           205.6500 1.1823914892e0 8.4586077031e-1
           300.0000 1.1712880882e0 8.5387923430e-1
  /
  58.92572942 108.1417 1.1992510109e0 8.2308807541e-1
           118.1417 1.1980523593e0 8.2391157516e-1
           133.1417 1.1962566279e0 8.2514836989e-1
           158.1417 1.1932697215e0 8.2721382155e-1
           208.1417 1.1873182639e0 8.3136024809e-1
           300.0000 1.1764616959e0 8.3903216731e-1
  /
  60.70356102 110.5263 1.2040525602e0 8.0969494987e-1
           120.5263 1.2028491095e0 8.1050504980e-1
           135.5263 1.2010461884e0 8.1172171965e-1
           160.5263 1.1980473230e0 8.1375356270e-1
           210.5263 1.1920720371e0 8.1783251940e-1
           300.0000 1.1814537033e0 8.2518280207e-1
  /
  60.78803229 110.6333 1.2042748587e0 8.0913243508e-1
           120.6333 1.2030711858e0 8.0994197222e-1
           135.6333 1.2012679318e0 8.1115779682e-1
           160.6333 1.1982685128e0 8.1318822829e-1
           210.6333 1.1922921237e0 8.1726435125e-1
           300.0000 1.1816844755e0 8.2460070277e-1
  /
  62.75475876 113.1250 1.2094738907e0 7.9619588544e-1
           123.1250 1.2082650214e0 7.9699247955e-1
           138.1250 1.2064539824e0 7.9818886534e-1
           163.1250 1.2034416145e0 8.0018683392e-1
           213.1250 1.1974394244e0 8.0419778712e-1
           300.0000 1.1870817258e0 8.1121469094e-1
  /
  64.72148523 115.6167 1.2147180073e0 7.8355956258e-1
           125.6167 1.2135038965e0 7.8434351405e-1
           140.6167 1.2116850051e0 7.8552091215e-1
           165.6167 1.2086595760e0 7.8748717123e-1
           215.6167 1.2026313612e0 7.9143446710e-1
           300.0000 1.1925258537e0 7.9814111160e-1
  /
  66.68821170 118.1083 1.2200077976e0 7.7121313505e-1
           128.1083 1.2187883996e0 7.7198473392e-1
           143.1083 1.2169615874e0 7.7314357994e-1
           168.1083 1.2139229833e0 7.7507885698e-1
           218.1083 1.2078685171e0 7.7896395592e-1
           300.0000 1.1980174715e0 7.8536921264e-1
  /
  68.65493817 120.6000 1.2253438607e0 7.5914674008e-1
           130.6000 1.2241191293e0 7.5990626652e-1
           145.6000 1.2222843270e0 7.6104698124e-1
           170.6000 1.2192324327e0 7.6295197895e-1
           220.6000 1.2131514856e0 7.6677629165e-1
           300.0000 1.2035572025e0 7.7288872968e-1
  /
  70.62166464 123.0917 1.2307268066e0 7.4735095724e-1
           133.0917 1.2294966949e0 7.4809868200e-1
           148.0917 1.2276538324e0 7.4922167206e-1
           173.0917 1.2245885310e0 7.5109706951e-1
           223.0917 1.2184808702e0 7.5486195924e-1
           300.0000 1.2091456806e0 7.6068985873e-1
  /
  72.58839111 125.5833 1.2361572558e0 7.3581678401e-1
           135.5833 1.2349217164e0 7.3655296883e-1
           150.5833 1.2330707224e0 7.3765862731e-1
           175.5833 1.2299918957e0 7.3950508099e-1
           225.5833 1.2238572856e0 7.4321186563e-1
           300.0000 1.2147835513e0 7.4876323068e-1
  /
  73.16653461 126.3158 1.2377627294e0 7.3247466504e-1
           136.3158 1.2365255854e0 7.3320750606e-1
           151.3158 1.2346721874e0 7.3430814259e-1
           176.3158 1.2315893620e0 7.3614620958e-1
           226.3158 1.2254467845e0 7.3983615781e-1
           300.0000 1.2164503620e0 7.4530771574e-1
  /
  74.64290624 128.0750 1.2417051187e0 7.2510474984e-1
           138.0750 1.2404639737e0 7.2657978034e-1
           153.0750 1.2386047246e0 7.2880673936e-1
           178.0750 1.2355120642e0 7.3269853523e-1
           228.0750 1.2293499311e0 7.4076765127e-1
           300.0000 1.2205395691e0 7.5055819476e-1
  /
  76.73397261 130.5667 1.2473321112e0 7.1483890042e-1
           140.5667 1.2460852549e0 7.1732491050e-1
           155.5667 1.2442176550e0 7.2109584155e-1
           180.5667 1.2411109568e0 7.2783322161e-1
           230.5667 1.2349209123e0 7.4210124712e-1
           300.0000 1.2263761804e0 7.5818646825e-1
  /
  78.82503899 133.0583 1.2530103351e0 7.0477009864e-1
           143.0583 1.2517577148e0 7.0822174610e-1
           158.0583 1.2498816888e0 7.1347839237e-1
           183.0583 1.2467608247e0 7.2298867468e-1
           233.0583 1.2405426147e0 7.4345186112e-1
           300.0000 1.2322660081e0 7.6604876761e-1
  /
  80.91610536 135.5500 1.2587404934e0 6.9489272508e-1
           145.5500 1.2574820554e0 6.9926658734e-1
           160.5500 1.2555975270e0 7.0595270328e-1
           185.5500 1.2524623673e0 7.1816476174e-1
           235.5500 1.2462157343e0 7.4481982111e-1
           300.0000 1.2382097824e0 7.7415594461e-1
  /
  83.00717174 138.0417 1.2645233017e0 6.8520137200e-1
           148.0417 1.2632589919e0 6.9045585375e-1
           163.0417 1.2613658836e0 6.9851712619e-1
           188.0417 1.2582162967e0 7.1336135127e-1
           238.0417 1.2519409797e0 7.4620546342e-1
           300.0000 1.2442082468e0 7.8251953252e-1
  /
  85.09823811 140.5333 1.2703594892e0 6.7569083344e-1
           150.5333 1.2690892525e0 6.8178607945e-1
           165.5333 1.2671874858e0 6.9117005224e-1
           190.5333 1.2640233383e0 7.0857831281e-1
           240.5333 1.2577190727e0 7.4760913311e-1
           300.0000 1.2502621585e0 7.9115180046e-1
  /
  87.18930449 143.0250 1.2762497982e0 6.6635609589e-1
           153.0250 1.2749735788e0 6.7325390854e-1
           168.0250 1.2730630743e0 6.8390991065e-1
           193.0250 1.2698842309e0 7.0381551706e-1
           243.0250 1.2635507483e0 7.4903118431e-1
           300.0000 1.2563722888e0 8.0006581306e-1
  /
  89.28037086 145.5167 1.2821949853e0 6.5719232952e-1
           155.5167 1.2809127265e0 6.6485609085e-1
           170.5167 1.2789934034e0 6.7673516758e-1
           195.5167 1.2757997270e0 6.9907283577e-1
           245.5167 1.2694367554e0 7.5047198046e-1
           300.0000 1.2625394235e0 8.0927549597e-1
  /
  91.37143724 148.0083 1.2881958207e0 6.4819487979e-1
           158.0083 1.2869074652e0 6.5658947773e-1
           173.0083 1.2849792417e0 6.6964432507e-1
           198.0083 1.2817705933e0 6.9435014178e-1
           248.0083 1.2753778567e0 7.5193189465e-1
           300.0000 1.2687643628e0 8.1879570799e-1
  /
  93.04289163 150.0000 1.2930330200e0 6.4111952534e-1
           160.0000 1.2917397493e0 6.5007401947e-1
           175.0000 1.2898043519e0 6.6403574662e-1
           200.0000 1.2865836345e0 6.9058943443e-1
           250.0000 1.2801669049e0 7.5311285454e-1
           300.0000 1.2737822663e0 8.2663943448e-1
  /
  93.46250361 150.5000 1.2942530897e0 6.3935925960e-1
           160.5000 1.2929585987e0 6.4828916815e-1
           175.5000 1.2910213751e0 6.6221256181e-1
           200.5000 1.2877976188e0 6.8869334349e-1
           250.5000 1.2813748345e0 7.5104509851e-1
           300.0000 1.2750478736e0 8.2358146475e-1
  /
  95.55356999 152.9917 1.3003675919e0 6.3068114183e-1
           162.9917 1.2990669853e0 6.3948984342e-1
           177.9917 1.2971206096e0 6.5322425280e-1
           202.9917 1.2938816231e0 6.7934560691e-1
           252.9917 1.2874284954e0 7.4085105234e-1
           300.0000 1.2813906876e0 8.0854856397e-1
  /
  97.64463636 155.4833 1.3065401425e0 6.2215635227e-1
           165.4833 1.3052333622e0 6.3084598842e-1
           180.4833 1.3032777475e0 6.4439475256e-1
           205.4833 1.3000233862e0 6.7016302960e-1
           255.4833 1.2935396269e0 7.3083711836e-1
           300.0000 1.2877938770e0 7.9385140648e-1
  /
  99.73570274 157.9750 1.3127715719e0 6.1378086291e-1
           167.9750 1.3114585591e0 6.2235351888e-1
           182.9750 1.3094936172e0 6.3571988912e-1
           207.9750 1.3062237346e0 6.6114127276e-1
           257.9750 1.2997090516e0 7.2099856493e-1
           300.0000 1.2942583060e0 7.7948024269e-1
  /
  101.82676911 160.4667 1.3190627267e0 6.0555078560e-1
           170.4667 1.3177434216e0 6.1400849238e-1
           185.4667 1.3157690632e0 6.2719563535e-1
           210.4667 1.3124835104e0 6.5227614823e-1
           260.4667 1.3059376072e0 7.1133082473e-1
           300.0000 1.3007848550e0 7.6542567790e-1
  /
  103.91783549 162.9583 1.3254144697e0 5.9746236607e-1
           172.9583 1.3240888116e0 6.0580710217e-1
           187.9583 1.3221049460e0 6.1881810278e-1
           212.9583 1.3188035722e0 6.4356361203e-1
           262.9583 1.3122261482e0 7.0182948764e-1
           300.0000 1.3073744216e0 7.5167865667e-1
  /
  106.00890186 165.4500 1.3318276803e0 5.8951197814e-1
           175.4500 1.3304956079e0 5.9774567145e-1
           190.4500 1.3285021430e0 6.1058353563e-1
           215.4500 1.3251847950e0 6.3499975821e-1
           265.4500 1.3185755453e0 6.9249029407e-1
           300.0000 1.3140279206e0 7.3823044800e-1
  /
  108.09996824 167.9417 1.3383032552e0 5.8169611838e-1
           177.9417 1.3369647060e0 5.8982064785e-1
           192.9417 1.3349615486e0 6.0248830524e-1
           217.9417 1.3316280711e0 6.2658081298e-1
           267.9417 1.3249866860e0 6.8330912860e-1
           300.0000 1.3207458358e0 7.2502751258e-1
  /
  110.19103461 170.4333 1.3448421085e0 5.7401140092e-1
           180.4333 1.3434970192e0 5.8202859821e-1
           195.4333 1.3414840746e0 5.9452890470e-1
           220.4333 1.3381343099e0 6.1830312922e-1
           270.4333 1.3314604755e0 6.7428201388e-1
           300.0000 1.3275294910e0 7.1210188364e-1
  /
  112.28210099 172.9250 1.3514451723e0 5.6645455257e-1
           182.9250 1.3500934787e0 5.7436620362e-1
           197.9250 1.3480706507e0 5.8670194382e-1
           222.9250 1.3447044389e0 6.1016318117e-1
           272.9250 1.3379978365e0 6.6540510496e-1
           300.0000 1.3343799261e0 6.9945291080e-1
  /
  112.91924865 173.6842 1.3534700328e0 5.6417691235e-1
           183.6842 1.3521163140e0 5.7205675168e-1
           198.6842 1.3500904552e0 5.8434289148e-1
           223.6842 1.3467191998e0 6.0770979423e-1
           273.6842 1.3400025490e0 6.6272959741e-1
           300.0000 1.3364806772e0 6.9565258580e-1
  /
  114.37316736 175.4167 1.3581133969e0 5.5902240815e-1
           185.4167 1.3567550339e0 5.6683025470e-1
           200.4167 1.3547222250e0 5.7900414432e-1
           225.4167 1.3513394038e0 6.0215755943e-1
           275.4167 1.3445997101e0 6.5667468376e-1
           300.0000 1.3412981297e0 6.8707294124e-1
  /
  116.46423374 177.9083 1.3648477519e0 5.5171190612e-1
           187.9083 1.3634826533e0 5.5941764714e-1
           202.9083 1.3614397644e0 5.7143233519e-1
           227.9083 1.3580401692e0 5.9428296621e-1
           277.9083 1.3512670560e0 6.4808715392e-1
           300.0000 1.3482851102e0 6.7495458666e-1
  /
  118.55530011 180.4000 1.3716492257e0 5.4452008432e-1
           190.4000 1.3702773244e0 5.5212537741e-1
           205.4000 1.3682242551e0 5.6398344840e-1
           230.4000 1.3648077187e0 5.8653621080e-1
           280.4000 1.3580008528e0 6.3963903585e-1
           300.0000 1.3553418957e0 6.6309071215e-1
  /
  120.64636649 182.8917 1.3785188269e0 5.3744407600e-1
           192.8917 1.3771400547e0 5.4495053873e-1
           207.8917 1.3750767031e0 5.5665451474e-1
           232.8917 1.3716430557e0 5.7891420525e-1
           282.8917 1.3648020992e0 6.3132696202e-1
           300.0000 1.3624692529e0 6.5145774896e-1
  /
  122.73743286 185.3833 1.3854575842e0 5.3048110600e-1
           195.3833 1.3840718720e0 5.3789031717e-1
           210.3833 1.3819981345e0 5.4944265986e-1
           235.3833 1.3785472038e0 5.7141396025e-1
           285.3833 1.3716718135e0 6.2314767251e-1
           300.0000 1.3696682759e0 6.4005179044e-1
  /
  124.82849924 187.8750 1.3924665471e0 5.2362848713e-1
           197.8750 1.3910738247e0 5.3094198801e-1
           212.8750 1.3889895963e0 5.4234510050e-1
           237.8750 1.3855212075e0 5.6403258127e-1
           287.8750 1.3786110349e0 6.1509801070e-1
           300.0000 1.3769403088e0 6.2888166092e-1
  /
  126.17015333 189.4737 1.3970010534e0 5.1928866685e-1
           199.4737 1.3956037956e0 5.2654155361e-1
           214.4737 1.3935127800e0 5.3785015738e-1
           239.4737 1.3900330966e0 5.5935789283e-1
           289.4737 1.3831004213e0 6.1000009321e-1
           300.0000 1.3816451007e0 6.2183604736e-1
  /
  126.91956561 190.3667 1.3995467867e0 5.1688361670e-1
           200.3667 1.3981469827e0 5.2410291220e-1
           215.3667 1.3960521567e0 5.3535914094e-1
           240.3667 1.3925661323e0 5.5676726478e-1
           290.3667 1.3856208237e0 6.0717491925e-1
           300.0000 1.3842864654e0 6.1794108912e-1
  /
  129.01063198 192.8583 1.4066993956e0 5.1024397322e-1
           202.8583 1.4052924377e0 5.1737053306e-1
           217.8583 1.4031869058e0 5.2848216958e-1
           242.8583 1.3996830655e0 5.4961529474e-1
           292.8583 1.3927022618e0 5.9937543623e-1
           300.0000 1.3917078821e0 6.0722401158e-1
  /
  131.10169836 195.3500 1.4139254893e0 5.0370711328e-1
           205.3500 1.4125113039e0 5.1074237303e-1
           220.3500 1.4103949560e0 5.2171165567e-1
           245.3500 1.4068731168e0 5.4257403921e-1
           295.3500 1.3998564533e0 5.9169669140e-1
           300.0000 1.3992057190e0 5.9672456431e-1
  /
  133.19276473 197.8417 1.4212262059e0 4.9727066855e-1
           207.8417 1.4198047185e0 5.0421603069e-1
           222.8417 1.4176774430e0 5.1504514620e-1
           247.8417 1.4141374190e0 5.3564094709e-1
           297.8417 1.4070845253e0 5.8413590268e-1
           300.0000 1.4067810549e0 5.8643468000e-1
  /
  135.28383111 200.3333 1.4286027074e0 4.9093234287e-1
           210.3333 1.4271738421e0 4.9778917784e-1
           225.3333 1.4250355255e0 5.0848026296e-1
           250.3333 1.4214771280e0 5.2881354506e-1
           300.3333 1.4143876282e0 5.7669037286e-1
  /
  137.37489748 202.8250 1.4360561800e0 4.8468990958e-1
           212.8250 1.4346198599e0 4.9145955670e-1
           227.8250 1.4324703870e0 5.0201469970e-1
           252.8250 1.4288934242e0 5.2208943466e-1
           302.8250 1.4217669362e0 5.6935748631e-1
  /
  139.42105802 205.2632 1.4434252618e0 4.7867228261e-1
           215.2632 1.4419815713e0 4.8535788174e-1
           230.2632 1.4398210684e0 4.9578197825e-1
           255.2632 1.4362257505e0 5.1560747701e-1
           305.2632 1.4290626931e0 5.6228867612e-1
  /
  139.46596386 205.3167 1.4435878347e0 4.7854120890e-1
           215.3167 1.4421439816e0 4.8522497734e-1
           230.3167 1.4399832354e0 4.9564621944e-1
           255.3167 1.4363875126e0 5.1546628943e-1
           305.3167 1.4292236484e0 5.6213470594e-1
  /
  141.55703023 207.8083 1.4511989083e0 4.7248414541e-1
           217.8083 1.4497474427e0 4.7908331505e-1
           232.8083 1.4475753043e0 4.8937265184e-1
           257.8083 1.4439606236e0 5.0894185228e-1
           307.8083 1.4367589892e0 5.5501957031e-1
  /
  143.64809661 210.3000 1.4588906634e0 4.6651668569e-1
           220.3000 1.4574315046e0 4.7303250802e-1
           235.3000 1.4552478533e0 4.8319189082e-1
           260.3000 1.4516140138e0 5.0251393287e-1
           310.3000 1.4443742087e0 5.4800969079e-1
  /
  145.73916298 212.7917 1.4666643898e0 4.6063685603e-1
           222.7917 1.4651974559e0 4.6707055499e-1
           237.7917 1.4630021689e0 4.7710189212e-1
           262.7917 1.4593489664e0 4.9618040523e-1
           312.7917 1.4520705840e0 5.4110274892e-1
  /
  147.83022936 215.2833 1.4745214049e0 4.5484274028e-1
           225.2833 1.4730466125e0 4.6119551302e-1
           240.2833 1.4708395653e0 4.7110067109e-1
           265.2833 1.4671667924e0 4.8993920532e-1
           315.2833 1.4598494191e0 5.3429649380e-1
  /
  149.92129573 217.7750 1.4824630545e0 4.4913247775e-1
           227.7750 1.4809803190e0 4.5540549545e-1
           242.7750 1.4787613848e0 4.6518630053e-1
           267.7750 1.4750688306e0 4.8378832890e-1
           317.7750 1.4677120466e0 5.2758873971e-1
  /
  152.01236211 220.2667 1.4904907134e0 4.4350426120e-1
           230.2667 1.4889999488e0 4.4969866980e-1
           245.2667 1.4867689989e0 4.5935690862e-1
           270.2667 1.4830564492e0 4.7772582928e-1
           320.2667 1.4756598277e0 5.2097736374e-1
  /
  152.67196270 221.0526 1.4930410059e0 4.4174565058e-1
           231.0526 1.4915476905e0 4.4791549673e-1
           246.0526 1.4893129234e0 4.5753543809e-1
           271.0526 1.4855940214e0 4.7583152117e-1
           321.0526 1.4781847438e0 5.1891155196e-1
  /
  154.10342848 222.7583 1.4986057866e0 4.3795633499e-1
           232.7583 1.4971069054e0 4.4407325590e-1
           247.7583 1.4948638090e0 4.5361067694e-1
           272.7583 1.4911310461e0 4.7174981533e-1
           322.7583 1.4836941531e0 5.1446030353e-1
  /
  156.19449486 225.2500 1.5068097096e0 4.3248699317e-1
           235.2500 1.5053026230e0 4.3852752398e-1
           250.2500 1.5030472470e0 4.4794583859e-1
           275.2500 1.4992940496e0 4.6585844949e-1
           325.2500 1.4918164443e0 5.0803555516e-1
  /
  158.28556123 227.7417 1.5151039497e0 4.2709457782e-1
           237.7417 1.5135885673e0 4.3305979295e-1
           252.7417 1.5113207766e0 4.4236067637e-1
           277.7417 1.5075469196e0 4.6004994590e-1
           327.7417 1.5000281539e0 5.0170117107e-1
  /
  160.37662761 230.2333 1.5234900065e0 4.2177747731e-1
           240.2333 1.5219662365e0 4.2766842868e-1
           255.2333 1.5196858936e0 4.3685352104e-1
           280.2333 1.5158911485e0 4.5432256857e-1
           330.2333 1.5083307666e0 4.9545525812e-1
  /
  162.46769398 232.7250 1.5319694131e0 4.1653412472e-1
           242.7250 1.5304371622e0 4.2235184236e-1
           257.7250 1.5281441274e0 4.3142274969e-1
           282.7250 1.5243282616e0 4.4867462968e-1
           332.7250 1.5167258003e0 4.8929597568e-1
  /
  164.55876036 235.2167 1.5405437371e0 4.1136299629e-1
           245.2167 1.5390029102e0 4.1710848896e-1
           260.2167 1.5366970415e0 4.2606678408e-1
           285.2167 1.5328598186e0 4.4310448789e-1
           335.2167 1.5252148068e0 4.8322153380e-1
  /
  165.92286738 236.8421 1.5461891151e0 4.0802782868e-1
           246.8421 1.5446426419e0 4.1372673918e-1
           261.8421 1.5423283232e0 4.2261240401e-1
           286.8421 1.5384770386e0 4.3951197289e-1
           336.8421 1.5308040114e0 4.7930376574e-1
  /
  166.64982673 237.7083 1.5492145810e0 4.0626260997e-1
           247.7083 1.5476650817e0 4.1193686572e-1
           262.7083 1.5453462346e0 4.2078408919e-1
           287.7083 1.5414874141e0 4.3761054680e-1
           337.7083 1.5337993729e0 4.7723019154e-1
  /
  168.74089311 240.2000 1.5579835839e0 4.0123152396e-1
           250.2000 1.5564253140e0 4.0683551071e-1
           265.2000 1.5540933415e0 4.1557317169e-1
           290.2000 1.5502126790e0 4.3219125335e-1
           340.2000 1.5424811213e0 4.7132025526e-1
  /
  170.83195948 242.6917 1.5668524221e0 3.9626833539e-1
           252.6917 1.5652852817e0 4.0180300146e-1
           267.6917 1.5629400344e0 4.1043257856e-1
           292.6917 1.5590372812e0 4.2684509643e-1
           342.6917 1.5512617115e0 4.6549007701e-1
  /
  172.92302586 245.1833 1.5758228102e0 3.9137167901e-1
           255.1833 1.5742466978e0 3.9683795364e-1
           270.1833 1.5718880238e0 4.0536089575e-1
           295.1833 1.5679629269e0 4.2157060544e-1
           345.1833 1.5601428413e0 4.5973805306e-1
  /
  175.01409223 247.6750 1.5848965026e0 3.8654022590e-1
           257.6750 1.5833113148e0 3.9193901980e-1
           272.6750 1.5809390594e0 4.0035674685e-1
           297.6750 1.5769913615e0 4.1636634892e-1
           347.6750 1.5691262473e0 4.5406262236e-1
  /
  177.10515861 250.1667 1.5940752939e0 3.8177268233e-1
           260.1667 1.5924809257e0 3.8710488812e-1
           275.1667 1.5900949315e0 3.9541879187e-1
           300.1667 1.5861243709e0 4.1123093332e-1
           350.1667 1.5782137066e0 4.4846226516e-1
  /
  179.17377206 252.6316 1.6032607405e0 3.7711797918e-1
           262.6316 1.6016571851e0 3.8238517289e-1
           277.6316 1.5992574423e0 3.9059771068e-1
           302.6316 1.5952640024e0 4.0621706509e-1
           352.6316 1.5873077549e0 4.4299445980e-1
  /
  179.19622498 252.6583 1.6033610209e0 3.7706778856e-1
           262.6583 1.6017573653e0 3.8233428126e-1
           277.6583 1.5993574724e0 3.9054572604e-1
           302.6583 1.5953637826e0 4.0616300167e-1
           352.6583 1.5874070375e0 4.4293550168e-1
  /
  181.28729136 255.1500 1.6127555633e0 3.7242431773e-1
           265.1500 1.6111425114e0 3.7762595523e-1
           280.1500 1.6087285568e0 3.8573627866e-1
           305.1500 1.6047114670e0 4.0116123247e-1
           355.1500 1.5967081010e0 4.3748089075e-1
  /
  183.37835773 257.6417 1.6222608451e0 3.6784107481e-1
           267.6417 1.6206382861e0 3.7297869832e-1
           282.6417 1.6182101042e0 3.8098921199e-1
           307.6417 1.6141693383e0 3.9622433848e-1
           357.6417 1.6061188020e0 4.3209702858e-1
  /
  185.46942411 260.1333 1.6318788359e0 3.6331689559e-1
           270.1333 1.6302466571e0 3.6839133004e-1
           285.1333 1.6278040791e0 3.7630332019e-1
           310.1333 1.6237393565e0 3.9135106564e-1
           360.1333 1.6156410905e0 4.2678254759e-1
  /
  187.56049048 262.6250 1.6416115523e0 3.5885064565e-1
           272.6250 1.6399696391e0 3.6386270014e-1
           287.6250 1.6375124932e0 3.7167742829e-1
           312.6250 1.6334235281e0 3.8654019200e-1
           362.6250 1.6252769631e0 4.2153611521e-1
  /
  189.65155686 265.1167 1.6514610594e0 3.5444121944e-1
           275.1167 1.6498092948e0 3.5939168764e-1
           290.1167 1.6473374063e0 3.6711039125e-1
           315.1167 1.6432239079e0 3.8179052673e-1
           365.1167 1.6350284643e0 4.1635643275e-1
  /
  191.74262323 267.6083 1.6614294720e0 3.5008753939e-1
           277.6083 1.6597677372e0 3.5497719988e-1
           292.6083 1.6572809281e0 3.6260109295e-1
           317.6083 1.6531426001e0 3.7710090907e-1
           367.6083 1.6448976879e0 4.1124223441e-1
  /
  192.42467674 268.4211 1.6647069977e0 3.4867935793e-1
           278.4211 1.6630419848e0 3.5354935040e-1
           293.4211 1.6605502699e0 3.6114257735e-1
           318.4211 1.6564037782e0 3.7558406985e-1
           368.4211 1.6481426011e0 4.0958806616e-1
  /
  193.83368961 270.1000 1.6715189565e0 3.4578855497e-1
           280.1000 1.6698471304e0 3.5061817169e-1
           295.1000 1.6673452194e0 3.5814844533e-1
           320.1000 1.6631817603e0 3.7247020745e-1
           370.1000 1.6548867786e0 4.0619228615e-1
  /
  195.92475598 272.5917 1.6817317320e0 3.4154324189e-1
           282.5917 1.6800496912e0 3.4631356448e-1
           297.5917 1.6775324939e0 3.5375138748e-1
           322.5917 1.6733435966e0 3.6789731856e-1
           372.5917 1.6649979335e0 4.0120538477e-1
  /
  198.01582236 275.0833 1.6920700723e0 3.3735060129e-1
           285.0833 1.6903776913e0 3.4206236542e-1
           300.0833 1.6878450197e0 3.4940888485e-1
           325.0833 1.6836303713e0 3.6338116645e-1
           375.0833 1.6752334039e0 3.9628035690e-1
  /
  200.10688873 277.5750 1.7025363074e0 3.3320965894e-1
           287.5750 1.7008334582e0 3.3786358667e-1
           302.5750 1.6982851209e0 3.4511992836e-1
           327.5750 1.6940444030e0 3.5892070171e-1
           377.5750 1.6855954964e0 3.9141605814e-1
  /
  202.19795511 280.0667 1.7131328254e0 3.2911946449e-1
           290.0667 1.7114193777e0 3.3371626461e-1
           305.0667 1.7088551796e0 3.4088353371e-1
           330.0667 1.7045880677e0 3.5451490066e-1
           380.0667 1.6960865754e0 3.8661137212e-1
  /
  204.28902148 282.5583 1.7238620741e0 3.2507909072e-1
           292.5583 1.7221378952e0 3.2961945908e-1
           307.5583 1.7195576377e0 3.3669874054e-1
           332.5583 1.7152638011e0 3.5016276456e-1
           382.5583 1.7067090645e0 3.8186520966e-1
  /
  205.67558143 284.2105 1.7310509163e0 3.2242699613e-1
           294.2105 1.7293195472e0 3.2693032278e-1
           309.2105 1.7267285295e0 3.3395184929e-1
           334.2105 1.7224167868e0 3.4730602969e-1
           384.2105 1.7138263752e0 3.7874983656e-1
  /
  206.38008786 285.0500 1.7347265631e0 3.2108763288e-1
           295.0500 1.7329915177e0 3.2557225269e-1
           310.0500 1.7303949983e0 3.3256461175e-1
           335.0500 1.7260741002e0 3.4586331882e-1
           385.0500 1.7174654481e0 3.7717650797e-1
  /
  208.47115423 287.5417 1.7457288656e0 3.1714420801e-1
           297.5417 1.7439828159e0 3.2157375014e-1
           312.5417 1.7413698284e0 3.2848023282e-1
           337.5417 1.7370215255e0 3.4161561235e-1
           387.5417 1.7283582740e0 3.7254422982e-1
  /
  210.56222061 290.0333 1.7568716206e0 3.1324795424e-1
           300.0333 1.7551144261e0 3.1762307753e-1
           315.0333 1.7524847602e0 3.2444471108e-1
           340.0333 1.7481087027e0 3.3741871680e-1
           390.0333 1.7393901548e0 3.6796736282e-1
  /
  212.65328698 292.5250 1.7681575348e0 3.0939803022e-1
           302.5250 1.7663890523e0 3.1371938175e-1
           317.5250 1.7637424938e0 3.2045717511e-1
           342.5250 1.7593383250e0 3.3327172587e-1
           392.5250 1.7505637704e0 3.6344491864e-1
  /
  214.74435336 295.0167 1.7795893849e0 3.0559361448e-1
           305.0167 1.7778094685e0 3.0986182987e-1
           320.0167 1.7751457989e0 3.1651677407e-1
           345.0167 1.7707131554e0 3.2917375473e-1
           395.0167 1.7618818697e0 3.5897593231e-1
  /
  216.83541973 297.5083 1.7911700200e0 3.0183390487e-1
           307.5083 1.7893785208e0 3.0604960853e-1
           322.5083 1.7866975175e0 3.1262267713e-1
           347.5083 1.7822360287e0 3.2512393932e-1
           397.5083 1.7733472736e0 3.5455946154e-1
  /
  218.92648611 300.0000 1.8029023638e0 2.9811811796e-1
           310.0000 1.8010991301e0 3.0228192335e-1
           325.0000 1.7984005659e0 3.0877407288e-1
           350.0000 1.7939098539e0 3.2112143577e-1
           400.0000 1.7849628766e0 3.5019458608e-1
  /
/
PVDG
  1.0000 1.2397678969e0 1.2539453751e-2
  3.4917 3.4794984888e-1 1.2668078987e-2
  5.9833 2.0237375528e-1 1.2689326100e-2
  8.4750 1.4267926264e-1 1.2698059246e-2
  10.9667 1.1017946054e-1 1.2702818937e-2
  13.4583 8.9738600965e-2 1.2705814389e-2
  15.7895 7.6466277925e-2 1.2707760103e-2
  15.9500 7.5656670394e-2 1.2713548178e-2
  18.4417 6.4978053852e-2 1.2790388530e-2
  20.9333 5.6941065208e-2 1.2848835865e-2
  23.4250 5.0673388318e-2 1.2894788291e-2
  25.9167 4.5648696886e-2 1.2931865637e-2
  28.4083 4.1530590531e-2 1.2962412628e-2
  30.9000 3.8094014789e-2 1.2988014892e-2
  31.5789 3.7254018993e-2 1.2994288195e-2
  33.3917 3.5086834190e-2 1.3054722544e-2
  35.8833 3.2488960591e-2 1.3127912095e-2
  38.3750 3.0249266616e-2 1.3191672633e-2
  40.8667 2.8298453921e-2 1.3247715998e-2
  43.3583 2.6584017674e-2 1.3297363300e-2
  45.8500 2.5065450044e-2 1.3341650374e-2
  47.3684 2.4222250643e-2 1.3366368813e-2
  48.3417 2.3688970309e-2 1.3402618425e-2
  50.8333 2.2424988590e-2 1.3489327679e-2
  53.3250 2.1289059840e-2 1.3568215293e-2
  55.8167 2.0262662828e-2 1.3640293925e-2
  58.3083 1.9330683855e-2 1.3706408653e-2
  60.8000 1.8480667560e-2 1.3767270267e-2
  63.1579 1.7742378646e-2 1.3820572441e-2
  63.2917 1.7700777088e-2 1.3826154225e-2
  65.7833 1.6960063714e-2 1.3926297837e-2
  68.2750 1.6278852721e-2 1.4019685951e-2
  70.7667 1.5650251127e-2 1.4106979831e-2
  73.2583 1.5068391041e-2 1.4188757167e-2
  75.7500 1.4528245943e-2 1.4265524870e-2
  78.2417 1.4025485097e-2 1.4337729588e-2
  78.9474 1.3889352689e-2 1.4357406362e-2
  80.7333 1.3547358269e-2 1.4438072316e-2
  83.2250 1.3097433165e-2 1.4545586739e-2
  85.7167 1.2676432617e-2 1.4647649637e-2
  88.2083 1.2281654257e-2 1.4744665388e-2
  90.7000 1.1910722189e-2 1.4836999340e-2
  93.1917 1.1561539129e-2 1.4924982411e-2
  94.7368 1.1355099126e-2 1.4977491297e-2
  95.6833 1.1230266782e-2 1.5024771346e-2
  98.1750 1.0914396144e-2 1.5145750845e-2
  100.6667 1.0615808214e-2 1.5261916023e-2
  103.1583 1.0333122340e-2 1.5373548648e-2
  105.6500 1.0065101116e-2 1.5480908922e-2
  108.1417 9.8106322753e-3 1.5584237504e-2
  110.5263 9.5788582520e-3 1.5679558372e-2
  110.6333 9.5686816022e-3 1.5685377780e-2
  113.1250 9.3377059301e-3 1.5818630249e-2
  115.6167 9.1176183452e-3 1.5947724921e-2
  118.1083 8.9076666865e-3 1.6072853408e-2
  120.6000 8.7071665139e-3 1.6194195725e-2
  123.0917 8.5154936541e-3 1.6311921155e-2
  125.5833 8.3320777105e-3 1.6426189038e-2
  126.3158 8.2796535959e-3 1.6459143963e-2
  128.0750 8.1584308932e-3 1.6565327063e-2
  130.5667 7.9926873019e-3 1.6712744450e-2
  133.0583 7.8335439898e-3 1.6856781762e-2
  135.5500 7.6806143970e-3 1.6997553931e-2
  138.0417 7.5335415720e-3 1.7135170738e-2
  140.5333 7.3919953898e-3 1.7269737096e-2
  143.0250 7.2556700787e-3 1.7401353320e-2
  145.5167 7.1242820148e-3 1.7530115372e-2
  148.0083 6.9975677529e-3 1.7656115099e-2
  150.0000 6.8994771756e-3 1.7754903267e-2
  150.5000 6.8764219324e-3 1.7786807235e-2
  152.9917 6.7637894786e-3 1.7944331521e-2
  155.4833 6.6547872926e-3 1.8099458294e-2
  157.9750 6.5492426467e-3 1.8252241876e-2
  160.4667 6.4469936001e-3 1.8402734961e-2
  162.9583 6.3478881694e-3 1.8550988673e-2
  165.4500 6.2517835751e-3 1.8697052626e-2
  167.9417 6.1585455555e-3 1.8840974980e-2
  170.4333 6.0680477403e-3 1.8982802493e-2
  172.9250 5.9801710798e-3 1.9122580571e-2
  173.6842 5.9538987686e-3 1.9164770334e-2
  175.4167 5.8982707950e-3 1.9275401164e-2
  177.9083 5.8200635098e-3 1.9433114688e-2
  180.4000 5.7439030419e-3 1.9589200930e-2
  182.8917 5.6697100762e-3 1.9743684946e-2
  185.3833 5.5974093434e-3 1.9896591280e-2
  187.8750 5.5269293650e-3 2.0047943978e-2
  189.4737 5.4826357800e-3 2.0144246483e-2
  190.3667 5.4596151884e-3 2.0201798736e-2
  192.8583 5.3963918279e-3 2.0361564435e-2
  195.3500 5.3346159816e-3 2.0520132156e-2
  197.8417 5.2742385002e-3 2.0677515323e-2
  200.3333 5.2152124348e-3 2.0833727161e-2
  202.8250 5.1574929149e-3 2.0988780698e-2
  205.2632 5.1022364406e-3 2.1139395526e-2
  205.3167 5.1011140467e-3 2.1142838801e-2
  207.8083 5.0493904643e-3 2.1302742318e-2
  210.3000 4.9987052723e-3 2.1461799525e-2
  212.7917 4.9490275120e-3 2.1620017121e-2
  215.2833 4.9003274429e-3 2.1777401738e-2
  217.7750 4.8525764838e-3 2.1933959937e-2
  220.2667 4.8057471569e-3 2.2089698209e-2
  221.0526 4.7911623853e-3 2.2138654809e-2
  222.7583 4.7619341197e-3 2.2247152438e-2
  225.2500 4.7198731455e-3 2.2405165671e-2
  227.7417 4.6785486940e-3 2.2562613328e-2
  230.2333 4.6379415873e-3 2.2719498439e-2
  232.7250 4.5980333078e-3 2.2875824015e-2
  235.2167 4.5588059696e-3 2.3031593042e-2
  236.8421 4.5335747564e-3 2.3132910417e-2
  237.7083 4.5211732692e-3 2.3187181933e-2
  240.2000 4.4858762552e-3 2.3343052286e-2
  242.6917 4.4511261028e-3 2.3498568509e-2
  245.1833 4.4169102007e-3 2.3653731810e-2
  247.6750 4.3832163225e-3 2.3808543387e-2
  250.1667 4.3500326122e-3 2.3963004434e-2
  252.6316 4.3176959180e-3 2.4115463212e-2
  252.6583 4.3173721229e-3 2.4117107058e-2
  255.1500 4.2874281001e-3 2.4270101932e-2
  257.6417 4.2578965823e-3 2.4422902359e-2
  260.1333 4.2287691037e-3 2.4575508710e-2
  262.6250 4.2000374288e-3 2.4727921354e-2
  265.1167 4.1716935444e-3 2.4880140659e-2
  267.6083 4.1437296520e-3 2.5032166994e-2
  268.4211 4.1346894373e-3 2.5081712504e-2
  270.1000 4.1174292324e-3 2.5182556963e-2
  272.5917 4.0920779572e-3 2.5332153253e-2
  275.0833 4.0670369505e-3 2.5481673816e-2
  277.5750 4.0423005510e-3 2.5631118711e-2
  280.0667 4.0178632342e-3 2.5780487994e-2
  282.5583 3.9937196086e-3 2.5929781722e-2
  284.2105 3.9778696288e-3 2.6028734894e-2
  285.0500 3.9704120922e-3 2.6077963037e-2
  287.5417 3.9484409142e-3 2.6224086079e-2
  290.0333 3.9267115630e-3 2.6370220398e-2
  292.5250 3.9052200679e-3 2.6516365992e-2
  295.0167 3.8839625447e-3 2.6662522865e-2
  297.5083 3.8629351934e-3 2.6808691018e-2
  300.0000 3.8421342957e-3 2.6954870451e-2
/
SOLUTION
PRESSURE
 2.8000000000e2 2.8000000000e2 2.8000000000e2 2.8000000000e2 2.8000000000e2 2.8000000000e2
 2.8000000000e2 2.8000000000e2 2.8000000000e2 2.8000000000e2 2.8000000000e2 2.8000000000e2
 2.8000000000e2 2.8000000000e2 2.8000000000e2 2.8000000000e2 2.8000000000e2 2.8000000000e2
 2.8000000000e2 2.8000000000e2 2.8000000000e2 2.8000000000e2 2.8000000000e2 2.8000000000e2
 2.8000000000e2 2.8000000000e2 2.8000000000e2 2.8000000000e2 2.8000000000e2 2.8000000000e2
 2.8000000000e2 2.8000000000e2 2.8000000000e2 2.8000000000e2 2.8000000000e2 2.8000000000e2
 2.8000000000e2 2.8000000000e2 2.8000000000e2 2.8000000000e2 2.8000000000e2 2.8000000000e2
 2.8000000000e2 2.8000000000e2 2.8000000000e2 2.8000000000e2 2.8000000000e2 2.8000000000e2
 /
SWAT
 1.0000000000e-1 1.0000000000e-1 1.0000000000e-1 1.0000000000e-1 1.0000000000e-1 1.0000000000e-1
 1.0000000000e-1 1.0000000000e-1 1.0000000000e-1 1.0000000000e-1 1.0000000000e-1 1.0000000000e-1
 1.0000000000e-1 1.0000000000e-1 1.0000000000e-1 1.0000000000e-1 1.0000000000e-1 1.0000000000e-1
 1.0000000000e-1 1.0000000000e-1 1.0000000000e-1 1.0000000000e-1 1.0000000000e-1 1.0000000000e-1
 1.0000000000e-1 1.0000000000e-1 1.0000000000e-1 1.0000000000e-1 1.0000000000e-1 1.0000000000e-1
 1.0000000000e-1 1.0000000000e-1 1.0000000000e-1 1.0000000000e-1 1.0000000000e-1 1.0000000000e-1
 1.0000000000e-1 1.0000000000e-1 1.0000000000e-1 1.0000000000e-1 1.0000000000e-1 1.0000000000e-1
 1.0000000000e-1 1.0000000000e-1 1.0000000000e-1 1.0000000000e-1 1.0000000000e-1 1.0000000000e-1
 /
SGAS
 0.0000000000e0 0.0000000000e0 0.0000000000e0 0.0000000000e0 0.0000000000e0 0.0000000000e0
 0.0000000000e0 0.0000000000e0 0.0000000000e0 0.0000000000e0 0.0000000000e0 0.0000000000e0
 0.0000000000e0 0.0000000000e0 0.0000000000e0 0.0000000000e0 0.0000000000e0 0.0000000000e0
 0.0000000000e0 0.0000000000e0 0.0000000000e0 0.0000000000e0 0.0000000000e0 0.0000000000e0
 0.0000000000e0 0.0000000000e0 0.0000000000e0 0.0000000000e0 0.0000000000e0 0.0000000000e0
 0.0000000000e0 0.0000000000e0 0.0000000000e0 0.0000000000e0 0.0000000000e0 0.0000000000e0
 0.0000000000e0 0.0000000000e0 0.0000000000e0 0.0000000000e0 0.0000000000e0 0.0000000000e0
 0.0000000000e0 0.0000000000e0 0.0000000000e0 0.0000000000e0 0.0000000000e0 0.0000000000e0
 /
RS
 9.3042891629e1 9.3042891629e1 9.3042891629e1 9.3042891629e1 9.3042891629e1 9.3042891629e1
 9.3042891629e1 9.3042891629e1 9.3042891629e1 9.3042891629e1 9.3042891629e1 9.3042891629e1
 9.3042891629e1 9.3042891629e1 9.3042891629e1 9.3042891629e1 9.3042891629e1 9.3042891629e1
 9.3042891629e1 9.3042891629e1 9.3042891629e1 9.3042891629e1 9.3042891629e1 9.3042891629e1
 9.3042891629e1 9.3042891629e1 9.3042891629e1 9.3042891629e1 9.3042891629e1 9.3042891629e1
 9.3042891629e1 9.3042891629e1 9.3042891629e1 9.3042891629e1 9.3042891629e1 9.3042891629e1
 9.3042891629e1 9.3042891629e1 9.3042891629e1 9.3042891629e1 9.3042891629e1 9.3042891629e1
 9.3042891629e1 9.3042891629e1 9.3042891629e1 9.3042891629e1 9.3042891629e1 9.3042891629e1
 /
SUMMARY
FOPR
FWPR
FWIR
FOPT
FWPT
FWIT
FPR
FGPR
FGPT
FGOR
WBHP
/
RUNSUM
SEPARATE
SCHEDULE
RPTRST
  BASIC=2 /
WELSPECS
  'PROD' 'G' 48 1 1* 'OIL' /
/
COMPDAT
  'PROD' 48 1 1 1 'OPEN' 2* 0.2 /
/
WCONPROD
  'PROD' 'OPEN' 'ORAT' 3 4* 1 /
/
TSTEP
  480*0.75 /
END
