-- Generated by src/lib/ressim/src/tests/opm_small_direct.rs; do not edit by hand.
-- Case dep-pvt-correlation: dep_pvt scenario base case: constant-rate black-oil blowdown through the bubble point, correlation c_o.
-- Tables are ResSim's own relperm/PVT functions sampled onto dense nodes.
-- Run with: flow CASE.DATA --enable-gravity=false
RUNSPEC
TITLE
  ressim small-direct dep-pvt-correlation /
DIMENS
  48 1 1 /
OIL
WATER
GAS
DISGAS
METRIC
TABDIMS
  1 1 250 250 1 250 /
WELLDIMS
  2 1 1 2 /
START
  1 JAN 2026 /
UNIFOUT
GRID
INIT
DX
 1.0000000000e1 1.0000000000e1 1.0000000000e1 1.0000000000e1 1.0000000000e1 1.0000000000e1
 1.0000000000e1 1.0000000000e1 1.0000000000e1 1.0000000000e1 1.0000000000e1 1.0000000000e1
 1.0000000000e1 1.0000000000e1 1.0000000000e1 1.0000000000e1 1.0000000000e1 1.0000000000e1
 1.0000000000e1 1.0000000000e1 1.0000000000e1 1.0000000000e1 1.0000000000e1 1.0000000000e1
 1.0000000000e1 1.0000000000e1 1.0000000000e1 1.0000000000e1 1.0000000000e1 1.0000000000e1
 1.0000000000e1 1.0000000000e1 1.0000000000e1 1.0000000000e1 1.0000000000e1 1.0000000000e1
 1.0000000000e1 1.0000000000e1 1.0000000000e1 1.0000000000e1 1.0000000000e1 1.0000000000e1
 1.0000000000e1 1.0000000000e1 1.0000000000e1 1.0000000000e1 1.0000000000e1 1.0000000000e1
 /
DY
 1.0000000000e1 1.0000000000e1 1.0000000000e1 1.0000000000e1 1.0000000000e1 1.0000000000e1
 1.0000000000e1 1.0000000000e1 1.0000000000e1 1.0000000000e1 1.0000000000e1 1.0000000000e1
 1.0000000000e1 1.0000000000e1 1.0000000000e1 1.0000000000e1 1.0000000000e1 1.0000000000e1
 1.0000000000e1 1.0000000000e1 1.0000000000e1 1.0000000000e1 1.0000000000e1 1.0000000000e1
 1.0000000000e1 1.0000000000e1 1.0000000000e1 1.0000000000e1 1.0000000000e1 1.0000000000e1
 1.0000000000e1 1.0000000000e1 1.0000000000e1 1.0000000000e1 1.0000000000e1 1.0000000000e1
 1.0000000000e1 1.0000000000e1 1.0000000000e1 1.0000000000e1 1.0000000000e1 1.0000000000e1
 1.0000000000e1 1.0000000000e1 1.0000000000e1 1.0000000000e1 1.0000000000e1 1.0000000000e1
 /
DZ
 1.0000000000e1 1.0000000000e1 1.0000000000e1 1.0000000000e1 1.0000000000e1 1.0000000000e1
 1.0000000000e1 1.0000000000e1 1.0000000000e1 1.0000000000e1 1.0000000000e1 1.0000000000e1
 1.0000000000e1 1.0000000000e1 1.0000000000e1 1.0000000000e1 1.0000000000e1 1.0000000000e1
 1.0000000000e1 1.0000000000e1 1.0000000000e1 1.0000000000e1 1.0000000000e1 1.0000000000e1
 1.0000000000e1 1.0000000000e1 1.0000000000e1 1.0000000000e1 1.0000000000e1 1.0000000000e1
 1.0000000000e1 1.0000000000e1 1.0000000000e1 1.0000000000e1 1.0000000000e1 1.0000000000e1
 1.0000000000e1 1.0000000000e1 1.0000000000e1 1.0000000000e1 1.0000000000e1 1.0000000000e1
 1.0000000000e1 1.0000000000e1 1.0000000000e1 1.0000000000e1 1.0000000000e1 1.0000000000e1
 /
TOPS
 1.0000000000e3 1.0000000000e3 1.0000000000e3 1.0000000000e3 1.0000000000e3 1.0000000000e3
 1.0000000000e3 1.0000000000e3 1.0000000000e3 1.0000000000e3 1.0000000000e3 1.0000000000e3
 1.0000000000e3 1.0000000000e3 1.0000000000e3 1.0000000000e3 1.0000000000e3 1.0000000000e3
 1.0000000000e3 1.0000000000e3 1.0000000000e3 1.0000000000e3 1.0000000000e3 1.0000000000e3
 1.0000000000e3 1.0000000000e3 1.0000000000e3 1.0000000000e3 1.0000000000e3 1.0000000000e3
 1.0000000000e3 1.0000000000e3 1.0000000000e3 1.0000000000e3 1.0000000000e3 1.0000000000e3
 1.0000000000e3 1.0000000000e3 1.0000000000e3 1.0000000000e3 1.0000000000e3 1.0000000000e3
 1.0000000000e3 1.0000000000e3 1.0000000000e3 1.0000000000e3 1.0000000000e3 1.0000000000e3
 /
PORO
 2.0000000000e-1 2.0000000000e-1 2.0000000000e-1 2.0000000000e-1 2.0000000000e-1 2.0000000000e-1
 2.0000000000e-1 2.0000000000e-1 2.0000000000e-1 2.0000000000e-1 2.0000000000e-1 2.0000000000e-1
 2.0000000000e-1 2.0000000000e-1 2.0000000000e-1 2.0000000000e-1 2.0000000000e-1 2.0000000000e-1
 2.0000000000e-1 2.0000000000e-1 2.0000000000e-1 2.0000000000e-1 2.0000000000e-1 2.0000000000e-1
 2.0000000000e-1 2.0000000000e-1 2.0000000000e-1 2.0000000000e-1 2.0000000000e-1 2.0000000000e-1
 2.0000000000e-1 2.0000000000e-1 2.0000000000e-1 2.0000000000e-1 2.0000000000e-1 2.0000000000e-1
 2.0000000000e-1 2.0000000000e-1 2.0000000000e-1 2.0000000000e-1 2.0000000000e-1 2.0000000000e-1
 2.0000000000e-1 2.0000000000e-1 2.0000000000e-1 2.0000000000e-1 2.0000000000e-1 2.0000000000e-1
 /
PERMX
 2.0000000000e2 2.0000000000e2 2.0000000000e2 2.0000000000e2 2.0000000000e2 2.0000000000e2
 2.0000000000e2 2.0000000000e2 2.0000000000e2 2.0000000000e2 2.0000000000e2 2.0000000000e2
 2.0000000000e2 2.0000000000e2 2.0000000000e2 2.0000000000e2 2.0000000000e2 2.0000000000e2
 2.0000000000e2 2.0000000000e2 2.0000000000e2 2.0000000000e2 2.0000000000e2 2.0000000000e2
 2.0000000000e2 2.0000000000e2 2.0000000000e2 2.0000000000e2 2.0000000000e2 2.0000000000e2
 2.0000000000e2 2.0000000000e2 2.0000000000e2 2.0000000000e2 2.0000000000e2 2.0000000000e2
 2.0000000000e2 2.0000000000e2 2.0000000000e2 2.0000000000e2 2.0000000000e2 2.0000000000e2
 2.0000000000e2 2.0000000000e2 2.0000000000e2 2.0000000000e2 2.0000000000e2 2.0000000000e2
 /
PERMY
 2.0000000000e2 2.0000000000e2 2.0000000000e2 2.0000000000e2 2.0000000000e2 2.0000000000e2
 2.0000000000e2 2.0000000000e2 2.0000000000e2 2.0000000000e2 2.0000000000e2 2.0000000000e2
 2.0000000000e2 2.0000000000e2 2.0000000000e2 2.0000000000e2 2.0000000000e2 2.0000000000e2
 2.0000000000e2 2.0000000000e2 2.0000000000e2 2.0000000000e2 2.0000000000e2 2.0000000000e2
 2.0000000000e2 2.0000000000e2 2.0000000000e2 2.0000000000e2 2.0000000000e2 2.0000000000e2
 2.0000000000e2 2.0000000000e2 2.0000000000e2 2.0000000000e2 2.0000000000e2 2.0000000000e2
 2.0000000000e2 2.0000000000e2 2.0000000000e2 2.0000000000e2 2.0000000000e2 2.0000000000e2
 2.0000000000e2 2.0000000000e2 2.0000000000e2 2.0000000000e2 2.0000000000e2 2.0000000000e2
 /
PERMZ
 2.0000000000e1 2.0000000000e1 2.0000000000e1 2.0000000000e1 2.0000000000e1 2.0000000000e1
 2.0000000000e1 2.0000000000e1 2.0000000000e1 2.0000000000e1 2.0000000000e1 2.0000000000e1
 2.0000000000e1 2.0000000000e1 2.0000000000e1 2.0000000000e1 2.0000000000e1 2.0000000000e1
 2.0000000000e1 2.0000000000e1 2.0000000000e1 2.0000000000e1 2.0000000000e1 2.0000000000e1
 2.0000000000e1 2.0000000000e1 2.0000000000e1 2.0000000000e1 2.0000000000e1 2.0000000000e1
 2.0000000000e1 2.0000000000e1 2.0000000000e1 2.0000000000e1 2.0000000000e1 2.0000000000e1
 2.0000000000e1 2.0000000000e1 2.0000000000e1 2.0000000000e1 2.0000000000e1 2.0000000000e1
 2.0000000000e1 2.0000000000e1 2.0000000000e1 2.0000000000e1 2.0000000000e1 2.0000000000e1
 /
PROPS
PVTW
  280 1 3e-6 0.5 0 /
ROCK
  280 1e-6 /
DENSITY
  800 1000 10 /
STONE2
SWOF
  0.10000000 0.0000000000e0 1.0000000000e0 0
  0.11000000 1.5625000000e-4 9.7515625000e-1 0
  0.12000000 6.2500000000e-4 9.5062500000e-1 0
  0.13000000 1.4062500000e-3 9.2640625000e-1 0
  0.14000000 2.5000000000e-3 9.0250000000e-1 0
  0.15000000 3.9062500000e-3 8.7890625000e-1 0
  0.16000000 5.6250000000e-3 8.5562500000e-1 0
  0.17000000 7.6562500000e-3 8.3265625000e-1 0
  0.18000000 1.0000000000e-2 8.1000000000e-1 0
  0.19000000 1.2656250000e-2 7.8765625000e-1 0
  0.20000000 1.5625000000e-2 7.6562500000e-1 0
  0.21000000 1.8906250000e-2 7.4390625000e-1 0
  0.22000000 2.2500000000e-2 7.2250000000e-1 0
  0.23000000 2.6406250000e-2 7.0140625000e-1 0
  0.24000000 3.0625000000e-2 6.8062500000e-1 0
  0.25000000 3.5156250000e-2 6.6015625000e-1 0
  0.26000000 4.0000000000e-2 6.4000000000e-1 0
  0.27000000 4.5156250000e-2 6.2015625000e-1 0
  0.28000000 5.0625000000e-2 6.0062500000e-1 0
  0.29000000 5.6406250000e-2 5.8140625000e-1 0
  0.30000000 6.2500000000e-2 5.6250000000e-1 0
  0.31000000 6.8906250000e-2 5.4390625000e-1 0
  0.32000000 7.5625000000e-2 5.2562500000e-1 0
  0.33000000 8.2656250000e-2 5.0765625000e-1 0
  0.34000000 9.0000000000e-2 4.9000000000e-1 0
  0.35000000 9.7656250000e-2 4.7265625000e-1 0
  0.36000000 1.0562500000e-1 4.5562500000e-1 0
  0.37000000 1.1390625000e-1 4.3890625000e-1 0
  0.38000000 1.2250000000e-1 4.2250000000e-1 0
  0.39000000 1.3140625000e-1 4.0640625000e-1 0
  0.40000000 1.4062500000e-1 3.9062500000e-1 0
  0.41000000 1.5015625000e-1 3.7515625000e-1 0
  0.42000000 1.6000000000e-1 3.6000000000e-1 0
  0.43000000 1.7015625000e-1 3.4515625000e-1 0
  0.44000000 1.8062500000e-1 3.3062500000e-1 0
  0.45000000 1.9140625000e-1 3.1640625000e-1 0
  0.46000000 2.0250000000e-1 3.0250000000e-1 0
  0.47000000 2.1390625000e-1 2.8890625000e-1 0
  0.48000000 2.2562500000e-1 2.7562500000e-1 0
  0.49000000 2.3765625000e-1 2.6265625000e-1 0
  0.50000000 2.5000000000e-1 2.5000000000e-1 0
  0.51000000 2.6265625000e-1 2.3765625000e-1 0
  0.52000000 2.7562500000e-1 2.2562500000e-1 0
  0.53000000 2.8890625000e-1 2.1390625000e-1 0
  0.54000000 3.0250000000e-1 2.0250000000e-1 0
  0.55000000 3.1640625000e-1 1.9140625000e-1 0
  0.56000000 3.3062500000e-1 1.8062500000e-1 0
  0.57000000 3.4515625000e-1 1.7015625000e-1 0
  0.58000000 3.6000000000e-1 1.6000000000e-1 0
  0.59000000 3.7515625000e-1 1.5015625000e-1 0
  0.60000000 3.9062500000e-1 1.4062500000e-1 0
  0.61000000 4.0640625000e-1 1.3140625000e-1 0
  0.62000000 4.2250000000e-1 1.2250000000e-1 0
  0.63000000 4.3890625000e-1 1.1390625000e-1 0
  0.64000000 4.5562500000e-1 1.0562500000e-1 0
  0.65000000 4.7265625000e-1 9.7656250000e-2 0
  0.66000000 4.9000000000e-1 9.0000000000e-2 0
  0.67000000 5.0765625000e-1 8.2656250000e-2 0
  0.68000000 5.2562500000e-1 7.5625000000e-2 0
  0.69000000 5.4390625000e-1 6.8906250000e-2 0
  0.70000000 5.6250000000e-1 6.2500000000e-2 0
  0.71000000 5.8140625000e-1 5.6406250000e-2 0
  0.72000000 6.0062500000e-1 5.0625000000e-2 0
  0.73000000 6.2015625000e-1 4.5156250000e-2 0
  0.74000000 6.4000000000e-1 4.0000000000e-2 0
  0.75000000 6.6015625000e-1 3.5156250000e-2 0
  0.76000000 6.8062500000e-1 3.0625000000e-2 0
  0.77000000 7.0140625000e-1 2.6406250000e-2 0
  0.78000000 7.2250000000e-1 2.2500000000e-2 0
  0.79000000 7.4390625000e-1 1.8906250000e-2 0
  0.80000000 7.6562500000e-1 1.5625000000e-2 0
  0.81000000 7.8765625000e-1 1.2656250000e-2 0
  0.82000000 8.1000000000e-1 1.0000000000e-2 0
  0.83000000 8.3265625000e-1 7.6562500000e-3 0
  0.84000000 8.5562500000e-1 5.6250000000e-3 0
  0.85000000 8.7890625000e-1 3.9062500000e-3 0
  0.86000000 9.0250000000e-1 2.5000000000e-3 0
  0.87000000 9.2640625000e-1 1.4062500000e-3 0
  0.88000000 9.5062500000e-1 6.2500000000e-4 0
  0.89000000 9.7515625000e-1 1.5625000000e-4 0
  0.90000000 1.0000000000e0 0.0000000000e0 0
  0.91000000 1.0000000000e0 0.0000000000e0 0
  0.92000000 1.0000000000e0 0.0000000000e0 0
  0.93000000 1.0000000000e0 0.0000000000e0 0
  0.94000000 1.0000000000e0 0.0000000000e0 0
  0.95000000 1.0000000000e0 0.0000000000e0 0
  0.96000000 1.0000000000e0 0.0000000000e0 0
  0.97000000 1.0000000000e0 0.0000000000e0 0
  0.98000000 1.0000000000e0 0.0000000000e0 0
  0.99000000 1.0000000000e0 0.0000000000e0 0
  1.00000000 1.0000000000e0 0.0000000000e0 0
/
SGOF
  0.00000000 0.0000000000e0 1.0000000000e0 0
  0.01000000 0.0000000000e0 9.7351111111e-1 0
  0.02000000 0.0000000000e0 9.4737777778e-1 0
  0.03000000 0.0000000000e0 9.2160000000e-1 0
  0.04000000 0.0000000000e0 8.9617777778e-1 0
  0.05000000 0.0000000000e0 8.7111111111e-1 0
  0.06000000 1.3975424859e-3 8.4640000000e-1 0
  0.07000000 3.9528470752e-3 8.2204444444e-1 0
  0.08000000 7.2618437741e-3 7.9804444444e-1 0
  0.09000000 1.1180339887e-2 7.7440000000e-1 0
  0.10000000 1.5625000000e-2 7.5111111111e-1 0
  0.11000000 2.0539595906e-2 7.2817777778e-1 0
  0.12000000 2.5882849051e-2 7.0560000000e-1 0
  0.13000000 3.1622776602e-2 6.8337777778e-1 0
  0.14000000 3.7733647120e-2 6.6151111111e-1 0
  0.15000000 4.4194173824e-2 6.4000000000e-1 0
  0.16000000 5.0986364599e-2 6.1884444444e-1 0
  0.17000000 5.8094750193e-2 5.9804444444e-1 0
  0.18000000 6.5505844205e-2 5.7760000000e-1 0
  0.19000000 7.3207752322e-2 5.5751111111e-1 0
  0.20000000 8.1189881605e-2 5.3777777778e-1 0
  0.21000000 8.9442719100e-2 5.1840000000e-1 0
  0.22000000 9.7957659859e-2 4.9937777778e-1 0
  0.23000000 1.0672687103e-1 4.8071111111e-1 0
  0.24000000 1.1574318284e-1 4.6240000000e-1 0
  0.25000000 1.2500000000e-1 4.4444444444e-1 0
  0.26000000 1.3449122880e-1 4.2684444444e-1 0
  0.27000000 1.4421121662e-1 4.0960000000e-1 0
  0.28000000 1.5415470111e-1 3.9271111111e-1 0
  0.29000000 1.6431676725e-1 3.7617777778e-1 0
  0.30000000 1.7469281074e-1 3.6000000000e-1 0
  0.31000000 1.8527850658e-1 3.4417777778e-1 0
  0.32000000 1.9606978190e-1 3.2871111111e-1 0
  0.33000000 2.0706279241e-1 3.1360000000e-1 0
  0.34000000 2.1825390174e-1 2.9884444444e-1 0
  0.35000000 2.2963966339e-1 2.8444444444e-1 0
  0.36000000 2.4121680471e-1 2.7040000000e-1 0
  0.37000000 2.5298221281e-1 2.5671111111e-1 0
  0.38000000 2.6493292193e-1 2.4337777778e-1 0
  0.39000000 2.7706610222e-1 2.3040000000e-1 0
  0.40000000 2.8937904965e-1 2.1777777778e-1 0
  0.41000000 3.0186917696e-1 2.0551111111e-1 0
  0.42000000 3.1453400551e-1 1.9360000000e-1 0
  0.43000000 3.2737115786e-1 1.8204444444e-1 0
  0.44000000 3.4037835107e-1 1.7084444444e-1 0
  0.45000000 3.5355339059e-1 1.6000000000e-1 0
  0.46000000 3.6689416475e-1 1.4951111111e-1 0
  0.47000000 3.8039863959e-1 1.3937777778e-1 0
  0.48000000 3.9406485428e-1 1.2960000000e-1 0
  0.49000000 4.0789091679e-1 1.2017777778e-1 0
  0.50000000 4.2187500000e-1 1.1111111111e-1 0
  0.51000000 4.3601533803e-1 1.0240000000e-1 0
  0.52000000 4.5031022293e-1 9.4044444444e-2 0
  0.53000000 4.6475800154e-1 8.6044444444e-2 0
  0.54000000 4.7935707268e-1 7.8400000000e-2 0
  0.55000000 4.9410588440e-1 7.1111111111e-2 0
  0.56000000 5.0900293160e-1 6.4177777778e-2 0
  0.57000000 5.2404675364e-1 5.7600000000e-2 0
  0.58000000 5.3923593225e-1 5.1377777778e-2 0
  0.59000000 5.5456908947e-1 4.5511111111e-2 0
  0.60000000 5.7004488584e-1 4.0000000000e-2 0
  0.61000000 5.8566201857e-1 3.4844444444e-2 0
  0.62000000 6.0141921995e-1 3.0044444444e-2 0
  0.63000000 6.1731525576e-1 2.5600000000e-2 0
  0.64000000 6.3334892388e-1 2.1511111111e-2 0
  0.65000000 6.4951905284e-1 1.7777777778e-2 0
  0.66000000 6.6582450062e-1 1.4400000000e-2 0
  0.67000000 6.8226415339e-1 1.1377777778e-2 0
  0.68000000 6.9883692438e-1 8.7111111111e-3 0
  0.69000000 7.1554175280e-1 6.4000000000e-3 0
  0.70000000 7.3237760283e-1 4.4444444444e-3 0
  0.71000000 7.4934346264e-1 2.8444444444e-3 0
  0.72000000 7.6643834349e-1 1.6000000000e-3 0
  0.73000000 7.8366127887e-1 7.1111111111e-4 0
  0.74000000 8.0101132366e-1 1.7777777778e-4 0
  0.75000000 8.1848755336e-1 1.3695501827e-33 0
  0.76000000 8.3608906336e-1 0.0000000000e0 0
  0.77000000 8.5381496825e-1 0.0000000000e0 0
  0.78000000 8.7166440109e-1 0.0000000000e0 0
  0.79000000 8.8963651285e-1 0.0000000000e0 0
  0.80000000 9.0773047177e-1 0.0000000000e0 0
  0.81000000 9.2594546276e-1 0.0000000000e0 0
  0.82000000 9.4428068689e-1 0.0000000000e0 0
  0.83000000 9.6273536083e-1 0.0000000000e0 0
  0.84000000 9.8130871640e-1 0.0000000000e0 0
  0.85000000 1.0000000000e0 0.0000000000e0 0
  0.86000000 1.0000000000e0 0.0000000000e0 0
  0.87000000 1.0000000000e0 0.0000000000e0 0
  0.88000000 1.0000000000e0 0.0000000000e0 0
  0.89000000 1.0000000000e0 0.0000000000e0 0
  0.90000000 1.0000000000e0 0.0000000000e0 0
/
PVTO
  0.04770867 1.0000 1.0536471038e0 2.2785004337e0
           11.0000 1.0525939833e0 2.2807800737e0
           26.0000 1.0510162760e0 2.2842038110e0
           51.0000 1.0483920170e0 2.2899214646e0
           101.0000 1.0431631400e0 2.3013997437e0
           300.0000 1.0226093816e0 2.3476563251e0
  /
  0.26300296 3.4917 1.0541284880e0 2.2596261318e0
           13.4917 1.0530748864e0 2.2618868882e0
           28.4917 1.0514964582e0 2.2652822644e0
           53.4917 1.0488710002e0 2.2709525550e0
           103.4917 1.0436397343e0 2.2823357520e0
           300.0000 1.0233315338e0 2.3276291202e0
  /
  0.47829724 5.9833 1.0546103123e0 2.2410451261e0
           15.9833 1.0535562291e0 2.2432872921e0
           30.9833 1.0519770794e0 2.2466547480e0
           55.9833 1.0493504214e0 2.2522784115e0
           105.9833 1.0441167643e0 2.2635680041e0
           300.0000 1.0240544098e0 2.3079137960e0
  /
  0.69359152 8.4750 1.0550925772e0 2.2227506326e0
           18.4750 1.0540380120e0 2.2249744950e0
           33.4750 1.0524581402e0 2.2283144611e0
           58.4750 1.0498302810e0 2.2338922165e0
           108.4750 1.0445942306e0 2.2450896479e0
           300.0000 1.0247780104e0 2.2885031387e0
  /
  0.90888580 10.9667 1.0555752834e0 2.2047360753e0
           20.9667 1.0545202357e0 2.2069419141e0
           35.9667 1.0529396411e0 2.2102548110e0
           60.9667 1.0503105797e0 2.2157873609e0
           110.9667 1.0450721338e0 2.2268940412e0
           300.0000 1.0255023369e0 2.2693901553e0
  /
  1.12418008 13.4583 1.0560584315e0 2.1869950777e0
           23.4583 1.0550029009e0 2.1891831666e0
           38.4583 1.0534215828e0 2.1924694054e0
           63.4583 1.0507913181e0 2.1979574361e0
           113.4583 1.0455504745e0 2.2089747436e0
           300.0000 1.0262273900e0 2.2505680649e0
  /
  1.32560397 15.7895 1.0565108532e0 2.1706392580e0
           25.7895 1.0554548704e0 2.1728109829e0
           40.7895 1.0538728749e0 2.1760726450e0
           65.7895 1.0512414834e0 2.1815196326e0
           115.7895 1.0459983946e0 2.1924545452e0
           300.0000 1.0269063904e0 2.2332161490e0
  /
  1.34319255 15.9500 1.0565504000e0 2.1692608999e0
           25.9500 1.0554943777e0 2.1714312458e0
           40.9500 1.0539123229e0 2.1746908367e0
           65.9500 1.0512808329e0 2.1801343654e0
           115.9500 1.0460375478e0 2.1910623344e0
           300.0000 1.0269613143e0 2.2317622285e0
  /
  1.61620001 18.4417 1.0571646189e0 2.1480755171e0
           28.4417 1.0561079827e0 2.1502246670e0
           43.4417 1.0545250083e0 2.1534524242e0
           68.4417 1.0518919884e0 2.1588427905e0
           118.4417 1.0466456552e0 2.1696640350e0
           300.0000 1.0278143970e0 2.2094158654e0
  /
  1.88920748 20.9333 1.0577795524e0 2.1272759970e0
           30.9333 1.0567223016e0 2.1294043370e0
           45.9333 1.0551384064e0 2.1326008403e0
           70.9333 1.0525038549e0 2.1379390123e0
           120.9333 1.0472544700e0 2.1486554762e0
           300.0000 1.0286685360e0 2.1874772808e0
  /
  2.16221495 23.4250 1.0583952017e0 2.1068518927e0
           33.4250 1.0573373356e0 2.1089597984e0
           48.4250 1.0557525185e0 2.1121256118e0
           73.4250 1.0531164337e0 2.1174125317e0
           123.4250 1.0478639935e0 2.1280261062e0
           300.0000 1.0295237332e0 2.1659354342e0
  /
  2.43522241 25.9167 1.0590115681e0 2.0867931312e0
           35.9167 1.0579530859e0 2.0888809680e0
           50.9167 1.0563673459e0 2.0920166407e0
           75.9167 1.0537297259e0 2.0972532253e0
           125.9167 1.0484742270e0 2.1077657508e0
           300.0000 1.0303799903e0 2.1447796802e0
  /
  2.70822988 28.4083 1.0596286528e0 2.0670899966e0
           38.4083 1.0585695538e0 2.0691581204e0
           53.4083 1.0569828898e0 2.0722641866e0
           78.4083 1.0543437328e0 2.0774513283e0
           128.4083 1.0490851715e0 2.0878645964e0
           300.0000 1.0312373094e0 2.1239997509e0
  /
  2.98123734 30.9000 1.0602464571e0 2.0477331144e0
           40.9000 1.0591867405e0 2.0497818718e0
           55.9000 1.0575991514e0 2.0528588517e0
           80.9000 1.0549584558e0 2.0579974194e0
           130.9000 1.0496968285e0 2.0683131744e0
           300.0000 1.0320956922e0 2.1035857392e0
  /
  3.05562839 31.5789 1.0604149257e0 2.0425174445e0
           41.5789 1.0593550408e0 2.0445609836e0
           56.5789 1.0577671995e0 2.0476301263e0
           81.5789 1.0551260842e0 2.0527556058e0
           131.5789 1.0498636209e0 2.0630450861e0
           300.0000 1.0323297752e0 2.0980853563e0
  /
  3.27659557 33.3917 1.0609158250e0 2.0276548467e0
           43.3917 1.0598554395e0 2.0296835157e0
           58.3917 1.0582668480e0 2.0327303255e0
           83.3917 1.0556244853e0 2.0378185089e0
           133.3917 1.0503595362e0 2.0480331167e0
           300.0000 1.0330046459e0 2.0824408902e0
  /
  3.58032519 35.8833 1.0616051070e0 2.0075526990e0
           45.8833 1.0605440325e0 2.0095612558e0
           60.8833 1.0589544090e0 2.0125778596e0
           85.8833 1.0563103294e0 2.0176155988e0
           135.8833 1.0510419597e0 2.0277289391e0
           300.0000 1.0339333835e0 2.0612819276e0
  /
  3.88405481 38.3750 1.0622952853e0 1.9878198507e0
           48.3750 1.0612335209e0 1.9898086648e0
           63.3750 1.0596428639e0 1.9927956174e0
           88.3750 1.0569970654e0 1.9977838392e0
           138.3750 1.0517252706e0 2.0077977723e0
           300.0000 1.0348633930e0 2.0405124673e0
  /
  4.18778443 40.8667 1.0629863615e0 1.9684462176e0
           50.8667 1.0619239064e0 1.9704156484e0
           65.8667 1.0603322147e0 1.9733734897e0
           90.8667 1.0576846949e0 1.9783130953e0
           140.8667 1.0524094705e0 1.9882294310e0
           300.0000 1.0357946768e0 2.0201218732e0
  /
  4.49151405 43.3583 1.0636783375e0 1.9494220796e0
           53.3583 1.0626151908e0 1.9513724767e0
           68.3583 1.0610224629e0 1.9543017318e0
           93.3583 1.0583732196e0 1.9591935984e0
           143.3583 1.0530945612e0 1.9690140972e0
           300.0000 1.0367272374e0 2.0000998931e0
  /
  4.79524367 45.8500 1.0643712150e0 1.9307380640e0
           55.8500 1.0633073758e0 1.9326697677e0
           70.8500 1.0617136103e0 1.9355709477e0
           95.8500 1.0590626414e0 1.9404159288e0
           145.8500 1.0537805444e0 1.9501423041e0
           300.0000 1.0376610773e0 1.9804366414e0
  /
  4.98033642 47.3684 1.0647938972e0 1.9195149505e0
           57.3684 1.0637296355e0 1.9214354255e0
           72.3684 1.0621352371e0 1.9243197414e0
           97.3684 1.0594832154e0 1.9291365592e0
           147.3684 1.0541990209e0 1.9388063965e0
           300.0000 1.0382307876e0 1.9686256941e0
  /
  5.10750629 48.3417 1.0650844935e0 1.9121250809e0
           58.3417 1.0640199414e0 1.9140381624e0
           73.3417 1.0624251079e0 1.9169113740e0
           98.3417 1.0597723625e0 1.9217096478e0
           148.3417 1.0544867258e0 1.9313422575e0
           300.0000 1.0386152124e0 1.9608559061e0
  /
  5.43308179 50.8333 1.0658291908e0 1.8934446268e0
           60.8333 1.0647638943e0 1.8953390185e0
           75.8333 1.0631679457e0 1.8981841604e0
           100.8333 1.0605133455e0 1.9029355575e0
           150.8333 1.0552240131e0 1.9124740617e0
           300.0000 1.0396004040e0 1.9412156311e0
  /
  5.75865729 53.3250 1.0665749301e0 1.8751002513e0
           63.3250 1.0655088883e0 1.8769762894e0
           78.3250 1.0639118230e0 1.8797938665e0
           103.3250 1.0612553654e0 1.8844992305e0
           153.3250 1.0559623322e0 1.8939453222e0
           300.0000 1.0405870389e0 1.9219294924e0
  /
  6.08423279 55.8167 1.0673217137e0 1.8570829657e0
           65.8167 1.0662549254e0 1.8589409775e0
           80.8167 1.0646567420e0 1.8617314813e0
           105.8167 1.0619984244e0 1.8663916328e0
           155.8167 1.0567016852e0 1.8757469598e0
           300.0000 1.0415751200e0 1.9029880181e0
  /
  6.40980829 58.3083 1.0680695438e0 1.8393840989e0
           68.3083 1.0670020081e0 1.8412244030e0
           83.3083 1.0654027048e0 1.8439883121e0
           108.3083 1.0627425247e0 1.8486040501e0
           158.3083 1.0574420742e0 1.8578702165e0
           300.0000 1.0425646505e0 1.8843820711e0
  /
  6.73538379 60.8000 1.0688184225e0 1.8219952839e0
           70.8000 1.0677501384e0 1.8238181905e0
           85.8000 1.0661497138e0 1.8265559706e0
           110.8000 1.0634876684e0 1.8311280733e0
           160.8000 1.0581835015e0 1.8403066409e0
           300.0000 1.0435556334e0 1.8661028344e0
  /
  7.04347989 63.1579 1.0695280635e0 1.8058182564e0
           73.1579 1.0684590700e0 1.8076249779e0
           88.1579 1.0668575828e0 1.8103384500e0
           113.1579 1.0641937700e0 1.8148699581e0
           163.1579 1.0588860814e0 1.8239670316e0
           300.0000 1.0444947529e0 1.8490981380e0
  /
  7.06188665 63.2917 1.0695704710e0 1.8048921472e0
           73.2917 1.0685014351e0 1.8066979421e0
           88.2917 1.0668998845e0 1.8094100225e0
           113.2917 1.0642359660e0 1.8139392067e0
           163.2917 1.0589280670e0 1.8230316148e0
           300.0000 1.0445501409e0 1.8481251099e0
  /
  7.40473534 65.7833 1.0703609788e0 1.7878010322e0
           75.7833 1.0692911529e0 1.7895897274e0
           90.7833 1.0676884185e0 1.7922761263e0
           115.7833 1.0650225312e0 1.7967624221e0
           165.7833 1.0597107092e0 1.8057687313e0
           300.0000 1.0455826484e0 1.8301685340e0
  /
  7.74758402 68.2750 1.0711526561e0 1.7710059886e0
           78.2750 1.0700820388e0 1.7727778804e0
           93.2750 1.0684781190e0 1.7754390426e0
           118.2750 1.0658102599e0 1.7798831930e0
           168.2750 1.0604945091e0 1.7888048947e0
           300.0000 1.0466167482e0 1.8125238028e0
  /
  8.09043271 70.7667 1.0719455053e0 1.7544993891e0
           80.7667 1.0708740955e0 1.7562547661e0
           95.7667 1.0692689885e0 1.7588911250e0
           120.7667 1.0665991547e0 1.7632938539e0
           170.7667 1.0612794693e0 1.7721324011e0
           300.0000 1.0476524439e0 1.7951828826e0
  /
  8.43328139 73.2583 1.0727395290e0 1.7382738663e0
           83.2583 1.0716673257e0 1.7400130096e0
           98.2583 1.0700610297e0 1.7426249876e0
           123.2583 1.0673892183e0 1.7469870003e0
           173.2583 1.0620655924e0 1.7557438091e0
           300.0000 1.0486897390e0 1.7781380130e0
  /
  8.77613008 75.7500 1.0735347300e0 1.7223223015e0
           85.7500 1.0724617318e0 1.7240454852e0
           100.7500 1.0708542451e0 1.7266334940e0
           125.7500 1.0681804532e0 1.7309554779e0
           175.7500 1.0628528809e0 1.7396319284e0
           300.0000 1.0497286371e0 1.7613816957e0
  /
  9.11897876 78.2417 1.0743311107e0 1.7066378142e0
           88.2417 1.0732573166e0 1.7083453056e0
           103.2417 1.0716486374e0 1.7109097465e0
           128.2417 1.0689728620e0 1.7151923719e0
           178.2417 1.0636413376e0 1.7237898094e0
           300.0000 1.0507691418e0 1.7449066837e0
  /
  9.21608201 78.9474 1.0745568803e0 1.7022431867e0
           88.9474 1.0734828605e0 1.7039462813e0
           103.9474 1.0718738433e0 1.7065041186e0
           128.9474 1.0691975055e0 1.7107757162e0
           178.9474 1.0638648607e0 1.7193510152e0
           300.0000 1.0510641310e0 1.7402906961e0
  /
  9.47216685 80.7333 1.0751522149e0 1.6911337952e0
           90.7333 1.0740776001e0 1.6928257748e0
           105.7333 1.0724676915e0 1.6953669189e0
           130.7333 1.0697898709e0 1.6996106386e0
           180.7333 1.0644542717e0 1.7081299724e0
           300.0000 1.0518342872e0 1.7286242404e0
  /
  9.82944043 83.2250 1.0759838917e0 1.6758546730e0
           93.2250 1.0749084456e0 1.6775313659e0
           108.2250 1.0732972916e0 1.6800495511e0
           133.2250 1.0706173997e0 1.6842549295e0
           183.2250 1.0652776731e0 1.6926972925e0
           300.0000 1.0529102439e0 1.7125796272e0
  /
  10.18671401 85.7167 1.0768168562e0 1.6608261432e0
           95.7167 1.0757405775e0 1.6624878000e0
           110.7167 1.0741281763e0 1.6649834029e0
           135.7167 1.0714462097e0 1.6691510689e0
           185.7167 1.0661023494e0 1.6775177234e0
           300.0000 1.0539879321e0 1.6967989213e0
  /
  10.54398759 88.2083 1.0776511113e0 1.6460420908e0
           98.2083 1.0765739988e0 1.6476889562e0
           113.2083 1.0749603483e0 1.6501623442e0
           138.2083 1.0722763039e0 1.6542929111e0
           188.2083 1.0669283035e0 1.6625850889e0
           300.0000 1.0550673555e0 1.6812756827e0
  /
  10.90126117 90.7000 1.0784866600e0 1.6314965986e0
           100.7000 1.0774087124e0 1.6331289112e0
           115.7000 1.0757938108e0 1.6355804427e0
           140.7000 1.0731076854e0 1.6396745093e0
           190.7000 1.0677555385e0 1.6478934120e0
           300.0000 1.0561485183e0 1.6660036793e0
  /
  11.25853475 93.1917 1.0793235055e0 1.6171839383e0
           103.1917 1.0782447215e0 1.6188019311e0
           118.1917 1.0766285668e0 1.6212319561e0
           143.1917 1.0739403570e0 1.6252901066e0
           193.1917 1.0685840572e0 1.6334369071e0
           300.0000 1.0572314247e0 1.6509768785e0
  /
  11.48009342 94.7368 1.0798431173e0 1.6084226473e0
           104.7368 1.0787638139e0 1.6100318744e0
           119.7368 1.0771468812e0 1.6124487344e0
           144.7368 1.0744573773e0 1.6164848993e0
           194.7368 1.0690984987e0 1.6245875636e0
           300.0000 1.0579038529e0 1.6417788068e0
  /
  11.62054127 95.6833 1.0801723194e0 1.6030959020e0
           105.6833 1.0790926870e0 1.6046997998e0
           120.6833 1.0774752614e0 1.6071086557e0
           145.6833 1.0747849375e0 1.6111314537e0
           195.6833 1.0694244253e0 1.6192072837e0
           300.0000 1.0583265315e0 1.6361867223e0
  /
  11.99027447 98.1750 1.0810399145e0 1.5892251000e0
           108.1750 1.0799594149e0 1.5908151199e0
           123.1750 1.0783406902e0 1.5932031332e0
           148.1750 1.0756482054e0 1.5971911239e0
           198.1750 1.0702833876e0 1.6051970778e0
           300.0000 1.0594405245e0 1.6216254962e0
  /
  12.36000767 100.6667 1.0819089044e0 1.5755705442e0
           110.6667 1.0808275363e0 1.5771469028e0
           125.6667 1.0792075103e0 1.5795143983e0
           150.6667 1.0765128612e0 1.5834681244e0
           200.6667 1.0711437310e0 1.5914052914e0
           300.0000 1.0605563742e0 1.6072920241e0
  /
  12.72974088 103.1583 1.0827792925e0 1.5621272170e0
           113.1583 1.0816970544e0 1.5636901255e0
           128.1583 1.0800757252e0 1.5660374207e0
           153.1583 1.0773789083e0 1.5699574122e0
           203.1583 1.0720054585e0 1.5778268565e0
           300.0000 1.0616740851e0 1.5931810209e0
  /
  13.09947408 105.6500 1.0836510822e0 1.5488902544e0
           115.6500 1.0825679728e0 1.5504399194e0
           130.6500 1.0809453381e0 1.5527673244e0
           155.6500 1.0782463499e0 1.5566540991e0
           205.6500 1.0728685738e0 1.5644568603e0
           300.0000 1.0627936619e0 1.5792873637e0
  /
  13.46920728 108.1417 1.0845242768e0 1.5358549411e0
           118.1417 1.0834402946e0 1.5373915642e0
           133.1417 1.0818163524e0 1.5396993820e0
           158.1417 1.0791151894e0 1.5435534460e0
           208.1417 1.0737330800e0 1.5512905399e0
           300.0000 1.0639151090e0 1.5656060857e0
  /
  13.82306037 110.5263 1.0853612865e0 1.5235641180e0
           120.5263 1.0842764677e0 1.5250884442e0
           135.5263 1.0826512722e0 1.5273777935e0
           160.5263 1.0799480245e0 1.5312010150e0
           210.5263 1.0745617612e0 1.5388761920e0
           300.0000 1.0649901455e0 1.5527068660e0
  /
  13.83941347 110.6333 1.0853999299e0 1.5230189696e0
           120.6333 1.0843150725e0 1.5245427503e0
           135.6333 1.0826898191e0 1.5268312804e0
           160.6333 1.0799864752e0 1.5306531340e0
           210.6333 1.0746000201e0 1.5383255647e0
           300.0000 1.0650394613e0 1.5521346794e0
  /
  14.22015912 113.1250 1.0863004352e0 1.5104249670e0
           123.1250 1.0852146777e0 1.5119361474e0
           138.1250 1.0835880760e0 1.5142057534e0
           163.1250 1.0808824892e0 1.5179960036e0
           213.1250 1.0754915653e0 1.5256049903e0
           300.0000 1.0661887001e0 1.5389164214e0
  /
  14.60090477 115.6167 1.0872024359e0 1.4980171358e0
           125.6167 1.0861157769e0 1.4995159022e0
           140.6167 1.0844878245e0 1.5017668639e0
           165.6167 1.0817799912e0 1.5055259780e0
           215.6167 1.0763845910e0 1.5130724583e0
           300.0000 1.0673399137e0 1.5258942895e0
  /
  14.98165042 118.1083 1.0881059359e0 1.4857913783e0
           128.1083 1.0870183738e0 1.4872779128e0
           143.1083 1.0853890685e0 1.4895105037e0
           168.1083 1.0826789849e0 1.4932389385e0
           218.1083 1.0772791009e0 1.5007238299e0
           300.0000 1.0684931069e0 1.5130639662e0
  /
  15.36239607 120.6000 1.0890109387e0 1.4737437158e0
           130.6000 1.0879224721e0 1.4752181967e0
           145.6000 1.0862918117e0 1.4774326844e0
           170.6000 1.0835794740e0 1.4811308870e0
           220.6000 1.0781750989e0 1.4885550864e0
           300.0000 1.0696482848e0 1.5004212602e0
  /
  15.74314172 123.0917 1.0899174483e0 1.4618702852e0
           133.0917 1.0888280756e0 1.4633328866e0
           148.0917 1.0871960578e0 1.4655295330e0
           173.0917 1.0844814623e0 1.4691979405e0
           223.0917 1.0790725885e0 1.4765623258e0
           300.0000 1.0708054524e0 1.4879621013e0
  /
  16.12388737 125.5833 1.0908254683e0 1.4501673338e0
           135.5833 1.0897351880e0 1.4516182265e0
           150.5833 1.0881018106e0 1.4537972877e0
           175.5833 1.0853849536e0 1.4574363279e0
           225.5833 1.0799715735e0 1.4647417579e0
           300.0000 1.0719646146e0 1.4756825361e0
  /
  16.23581225 126.3158 1.0910926798e0 1.4467589973e0
           136.3158 1.0900021324e0 1.4482064799e0
           151.3158 1.0883683549e0 1.4503804197e0
           176.3158 1.0856508323e0 1.4540109070e0
           226.3158 1.0802361262e0 1.4612991670e0
           300.0000 1.0723057447e0 1.4721064017e0
  /
  16.51323399 128.0750 1.0917536367e0 1.4387108924e0
           138.0750 1.0906623738e0 1.4416042853e0
           153.0750 1.0890276539e0 1.4459722561e0
           178.0750 1.0863084706e0 1.4536014977e0
           228.0750 1.0808904928e0 1.4694126616e0
           300.0000 1.0731440930e0 1.4886331244e0
  /
  16.90616166 130.5667 1.0926911580e0 1.4274475957e0
           140.5667 1.0915988798e0 1.4323421215e0
           155.5667 1.0899628234e0 1.4397653467e0
           180.5667 1.0872412844e0 1.4530211746e0
           230.5667 1.0818186659e0 1.4810768443e0
           300.0000 1.0743332884e0 1.5127329404e0
  /
  17.29908934 133.0583 1.0936302907e0 1.4163403721e0
           143.0583 1.0925369955e0 1.4231825989e0
           158.0583 1.0908996003e0 1.4336009639e0
           183.0583 1.0881757016e0 1.4524403183e0
           233.0583 1.0827484345e0 1.4929482226e0
           300.0000 1.0755245946e0 1.5376828080e0
  /
  17.69201702 135.5500 1.0945710392e0 1.4053860001e0
           145.5500 1.0934767250e0 1.4141240207e0
           160.5500 1.0918379889e0 1.4274786721e0
           185.5500 1.0891117263e0 1.4518589282e0
           235.5500 1.0836798026e0 1.5050323669e0
           300.0000 1.0767180173e0 1.5635284676e0
  /
  18.08494469 138.0417 1.0955134075e0 1.3945813460e0
           148.0417 1.0944180725e0 1.4051647274e0
           163.0417 1.0927779933e0 1.4213980416e0
           188.0417 1.0900493628e0 1.4512770036e0
           238.0417 1.0846127744e0 1.5173350489e0
           300.0000 1.0779135618e0 1.5903190013e0
  /
  18.47787237 140.5333 1.0964573999e0 1.3839233612e0
           150.5333 1.0953610421e0 1.3963030955e0
           165.5333 1.0937196177e0 1.4153586486e0
           190.5333 1.0909886150e0 1.4506945435e0
           240.5333 1.0855473541e0 1.5298622509e0
           300.0000 1.0791112336e0 1.6181071436e0
  /
  18.87080004 143.0250 1.0974030206e0 1.3734090794e0
           153.0250 1.0963056381e0 1.3875375369e0
           168.0250 1.0946628662e0 1.4093600751e0
           193.0250 1.0919294873e0 1.4501115474e0
           243.0250 1.0864835457e0 1.5426201757e0
           300.0000 1.0803110383e0 1.6469496278e0
  /
  19.26372772 145.5167 1.0983502737e0 1.3630356137e0
           155.5167 1.0972518647e0 1.3788664977e0
           170.5167 1.0956077430e0 1.4034019085e0
           195.5167 1.0928719839e0 1.4495280145e0
           245.5167 1.0874213535e0 1.5556152565e0
           300.0000 1.0815129815e0 1.6769075719e0
  /
  19.65665539 148.0083 1.0992991635e0 1.3528001540e0
           158.0083 1.0981997260e0 1.3702884571e0
           173.0083 1.0965542525e0 1.3974837421e0
           198.0083 1.0938161088e0 1.4489439440e0
           248.0083 1.0883607817e0 1.5688541682e0
           300.0000 1.0827170686e0 1.7080469112e0
  /
  19.97073471 150.0000 1.1000588205e0 1.3447160389e0
           160.0000 1.0989585596e0 1.3634976411e0
           175.0000 1.0973120038e0 1.3927816633e0
           200.0000 1.0945719511e0 1.4484766912e0
           250.0000 1.0891128639e0 1.5796164281e0
           300.0000 1.0836810784e0 1.7338347406e0
  /
  20.04958307 150.5000 1.1002496943e0 1.3426999646e0
           160.5000 1.0991492264e0 1.3618019271e0
           175.5000 1.0975023987e0 1.3916051743e0
           200.5000 1.0947618664e0 1.4483593352e0
           250.5000 1.0893018344e0 1.5823438383e0
           300.0000 1.0839232629e0 1.7388216939e0
  /
  20.44251075 152.9917 1.1012018703e0 1.3327323814e0
           162.9917 1.1001003701e0 1.3534054511e0
           177.9917 1.0984521861e0 1.3857658090e0
           202.9917 1.0957092609e0 1.4477741874e0
           252.9917 1.0902445159e0 1.5960914593e0
           300.0000 1.0851314629e0 1.7631162794e0
  /
  20.83543842 155.4833 1.1021556958e0 1.3228948100e0
           165.4833 1.1010531614e0 1.3450976032e0
           180.4833 1.0994036187e0 1.3799652554e0
           205.4833 1.0966582966e0 1.4471884998e0
           255.4833 1.0911888304e0 1.6101045017e0
           300.0000 1.0863418709e0 1.7863999078e0
  /
  21.22836610 157.9750 1.1031111751e0 1.3131847232e0
           167.9750 1.1020076045e0 1.3368769876e0
           182.9750 1.1003567010e0 1.3742031278e0
           207.9750 1.0976089777e0 1.4466022716e0
           257.9750 1.0921347821e0 1.6243907268e0
           300.0000 1.0875545144e0 1.8085589197e0
  /
  21.62129377 160.4667 1.1040683124e0 1.3035996589e0
           170.4667 1.1029637037e0 1.3287422374e0
           185.4667 1.1013114372e0 1.3684790456e0
           210.4667 1.0985613084e0 1.4460155022e0
           260.4667 1.0930823754e0 1.6389582019e0
           300.0000 1.0887694207e0 1.8294799999e0
  /
  22.01422145 162.9583 1.1050271122e0 1.2941372178e0
           172.9583 1.1039214634e0 1.3206920145e0
           187.9583 1.1022678315e0 1.3627926333e0
           212.9583 1.0995152932e0 1.4454281907e0
           262.9583 1.0940316144e0 1.6538153149e0
           300.0000 1.0899866176e0 1.8490513570e0
  /
  22.40714912 165.4500 1.1059875787e0 1.2847950618e0
           175.4500 1.1048808879e0 1.3127250081e0
           190.4500 1.1032258885e0 1.3571435203e0
           215.4500 1.1004709363e0 1.4448403364e0
           265.4500 1.0949825036e0 1.6689707905e0
           300.0000 1.0912061331e0 1.8671639755e0
  /
  22.80007680 167.9417 1.1069497162e0 1.2755709119e0
           177.9417 1.1058419815e0 1.3048399345e0
           192.9417 1.1041856123e0 1.3515313407e0
           217.9417 1.1014282420e0 1.4442519386e0
           267.9417 1.0959350471e0 1.6844337076e0
           300.0000 1.0924273386e0 1.8834798210e0
  /
  23.19300448 170.4333 1.1079135293e0 1.2664625462e0
           180.4333 1.1068047486e0 1.2970355363e0
           195.4333 1.1051470073e0 1.3459557336e0
           220.4333 1.1023872147e0 1.4436629965e0
           270.4333 1.0968892493e0 1.7002135172e0
           300.0000 1.0936507274e0 1.8980565933e0
  /
  23.58593215 172.9250 1.1088790221e0 1.2574677982e0
           182.9250 1.1077691936e0 1.2893105817e0
           197.9250 1.1061100779e0 1.3404163426e0
           222.9250 1.1033478587e0 1.4430735093e0
           272.9250 1.0978451146e0 1.7163200615e0
           300.0000 1.0948764246e0 1.9108353787e0
  /
  23.70565717 173.6842 1.1091735423e0 1.2547493595e0
           183.6842 1.1080633941e0 1.2869723951e0
           198.6842 1.1064038591e0 1.3387356357e0
           223.6842 1.1036408997e0 1.4428937842e0
           273.6842 1.0981366979e0 1.7212942234e0
           300.0000 1.0952503575e0 1.9143585649e0
  /
  23.97885983 175.4167 1.1098461992e0 1.2485845552e0
           185.4167 1.1087353209e0 1.2816638637e0
           200.4167 1.1070748285e0 1.3349128159e0
           225.4167 1.1043101785e0 1.4424834763e0
           275.4167 1.0988026473e0 1.7327635946e0
           300.0000 1.0961044583e0 1.9217318898e0
  /
  24.37178750 177.9083 1.1108150650e0 1.2398107566e0
           187.9083 1.1097031348e0 1.2740941999e0
           202.9083 1.1080412635e0 1.3294448065e0
           227.9083 1.1052741784e0 1.4418928968e0
           277.9083 1.0997618517e0 1.7495548044e0
           300.0000 1.0973348569e0 1.9306716530e0
  /
  24.76471518 180.4000 1.1117856237e0 1.2311443921e0
           190.4000 1.1106726398e0 1.2666004314e0
           205.4000 1.1090093873e0 1.3240119715e0
           230.4000 1.1062398627e0 1.4413017699e0
           280.4000 1.1007227323e0 1.7667048354e0
           300.0000 1.0985676490e0 1.9375911627e0
  /
  25.15764285 182.8917 1.1127578800e0 1.2225835005e0
           192.8917 1.1116438403e0 1.2591814224e0
           207.8917 1.1099792043e0 1.3186139727e0
           232.8917 1.1072072360e0 1.4407100950e0
           282.8917 1.1016852934e0 1.7842253136e0
           300.0000 1.0998023124e0 1.9422955428e0
  /
  25.55057053 185.3833 1.1137318383e0 1.2141261679e0
           195.3833 1.1126167408e0 1.2518360599e0
           210.3833 1.1109507190e0 1.3132504761e0
           235.3833 1.1081763026e0 1.4401178711e0
           285.3833 1.1026495395e0 1.8021283728e0
           300.0000 1.1010388583e0 1.9447407713e0
  /
  25.94349821 187.8750 1.1147075030e0 1.2057705266e0
           197.8750 1.1135913457e0 1.2445632525e0
           212.8750 1.1119239358e0 1.3079211520e0
           237.8750 1.1091470671e0 1.4395250977e0
           287.8750 1.1036154750e0 1.8204266824e0
           300.0000 1.1022777870e0 1.9450256589e0
  /
  26.19560547 189.4737 1.1153344023e0 1.2004621510e0
           199.4737 1.1142175640e0 1.2399346426e0
           214.4737 1.1125492623e0 1.3045196370e0
           239.4737 1.1097708178e0 1.4391444771e0
           289.4737 1.1042361229e0 1.8323813722e0
           300.0000 1.1030739674e0 1.9440658407e0
  /
  26.33642588 190.3667 1.1156848786e0 1.1975147535e0
           200.3667 1.1145676595e0 1.2373619306e0
           215.3667 1.1128988593e0 1.3026256748e0
           240.3667 1.1101195338e0 1.4389317739e0
           290.3667 1.1045831043e0 1.8391334777e0
           300.0000 1.1035191275e0 1.9431409684e0
  /
  26.72935356 192.8583 1.1166639697e0 1.1893570686e0
           202.8583 1.1155456868e0 1.2302310453e0
           217.8583 1.1138754938e0 1.2973637230e0
           242.8583 1.1110937073e0 1.4383378989e0
           292.8583 1.1055524319e0 1.8582625914e0
           300.0000 1.1047629087e0 1.9390919499e0
  /
  27.12228123 195.3500 1.1176447807e0 1.1812957342e0
           205.3500 1.1165254320e0 1.2231695683e0
           220.3500 1.1148538440e0 1.2921349794e0
           245.3500 1.1120695920e0 1.4377434721e0
           295.3500 1.1065234622e0 1.8778284879e0
           300.0000 1.1060091599e0 1.9328982936e0
  /
  27.51520891 197.8417 1.1186273162e0 1.1733290534e0
           207.8417 1.1175068996e0 1.2161764911e0
           222.8417 1.1158339143e0 1.2869391304e0
           247.8417 1.1130471925e0 1.4371484925e0
           297.8417 1.1074961998e0 1.8978462999e0
           300.0000 1.1072576563e0 1.9245644554e0
  /
  27.90813659 200.3333 1.1196115807e0 1.1654553687e0
           210.3333 1.1184900943e0 1.2092508247e0
           225.3333 1.1168157093e0 1.2817758668e0
           250.3333 1.1140265133e0 1.4365529595e0
           300.3333 1.1084706492e0 1.9183318672e0
  /
  28.30106426 202.8250 1.1205975789e0 1.1576730613e0
           212.8250 1.1194750206e0 1.2023915990e0
           227.8250 1.1177992335e0 1.2766448829e0
           252.8250 1.1150075589e0 1.4359568723e0
           302.8250 1.1094468148e0 1.9393017787e0
  /
  28.68555378 205.2632 1.1215640852e0 1.1501448144e0
           215.2632 1.1204404760e0 1.1957430771e0
           230.2632 1.1187633147e0 1.2716550447e0
           255.2632 1.1159692106e0 1.4353730488e0
           305.2632 1.1104036830e0 1.9603069152e0
  /
  28.69399194 205.3167 1.1215853152e0 1.1499805497e0
           215.3167 1.1204616830e0 1.1955978625e0
           230.3167 1.1187844915e0 1.2715458769e0
           255.3167 1.1159903340e0 1.4353602300e0
           305.3167 1.1104247013e0 1.9607734169e0
  /
  29.08691961 207.8083 1.1225747943e0 1.1423762886e0
           217.8083 1.1214500861e0 1.1888686818e0
           232.8083 1.1197714879e0 1.2664785509e0
           257.8083 1.1169748430e0 1.4347630320e0
           307.8083 1.1114043131e0 1.9827650065e0
  /
  29.47984729 210.3000 1.1235660209e0 1.1348587680e0
           220.3000 1.1224402346e0 1.1822031411e0
           235.3000 1.1207602273e0 1.2614426105e0
           260.3000 1.1179610905e0 1.4341652774e0
           310.3000 1.1123856549e0 2.0052956654e0
  /
  29.87277496 212.7917 1.1245589994e0 1.1274265123e0
           222.7917 1.1234321331e0 1.1756003418e0
           237.7917 1.1217507144e0 1.2564377650e0
           262.7917 1.1189490813e0 1.4335669655e0
           312.7917 1.1133687312e0 2.0283854604e0
  /
  30.26570264 215.2833 1.1255537347e0 1.1200780788e0
           225.2833 1.1244257862e0 1.1690594022e0
           240.2833 1.1227429537e0 1.2514637273e0
           265.2833 1.1199388199e0 1.4329680954e0
           315.2833 1.1143535466e0 2.0520554669e0
  /
  30.65863032 217.7750 1.1265502313e0 1.1128120577e0
           227.7750 1.1254211986e0 1.1625794570e0
           242.7750 1.1237369499e0 1.2465202138e0
           267.7750 1.1209303109e0 1.4323686665e0
           317.7750 1.1153401058e0 2.0763278330e0
  /
  31.05155799 220.2667 1.1275484940e0 1.1056270701e0
           230.2667 1.1264183750e0 1.1561596571e0
           245.2667 1.1247327077e0 1.2416069444e0
           270.2667 1.1219235590e0 1.4317686779e0
           320.2667 1.1163284134e0 2.1012258484e0
  /
  31.17550208 221.0526 1.1278637505e0 1.1033772514e0
           231.0526 1.1267332885e0 1.1541469564e0
           246.0526 1.1250471732e0 1.2400633457e0
           271.0526 1.1222372319e0 1.4315793028e0
           321.0526 1.1166405261e0 2.1092133065e0
  /
  31.44448567 222.7583 1.1285485273e0 1.0985217681e0
           232.7583 1.1274173200e0 1.1497991690e0
           247.7583 1.1257302318e0 1.2367236424e0
           272.7583 1.1229185689e0 1.4311681288e0
           322.7583 1.1173184741e0 2.1267740194e0
  /
  31.83741334 225.2500 1.1295503362e0 1.0914948333e0
           235.2500 1.1284180384e0 1.1434971744e0
           250.2500 1.1267295269e0 1.2318700345e0
           275.2500 1.1239153452e0 1.4305670185e0
           325.2500 1.1183102924e0 2.1529981487e0
  /
  32.23034102 227.7417 1.1305539252e0 1.0845449763e0
           237.7417 1.1294205349e0 1.1372528702e0
           252.7417 1.1277305976e0 1.2270458506e0
           277.7417 1.1249138928e0 1.4299653462e0
           327.7417 1.1193038731e0 2.1799254230e0
  /
  32.62326869 230.2333 1.1315592992e0 1.0776709359e0
           240.2333 1.1304248143e0 1.1310654677e0
           255.2333 1.1287334488e0 1.2222508240e0
           280.2333 1.1259142162e0 1.4293631110e0
           330.2333 1.1202992210e0 2.2075845067e0
  /
  33.01619637 232.7250 1.1325664628e0 1.0708714781e0
           242.7250 1.1314308812e0 1.1249341928e0
           257.7250 1.1297380852e0 1.2174846912e0
           282.7250 1.1269163203e0 1.4287603122e0
           332.7250 1.1212963406e0 2.2360056435e0
  /
  33.40912405 235.2167 1.1335754210e0 1.0641453957e0
           245.2167 1.1324387405e0 1.1188582852e0
           260.2167 1.1307445115e0 1.2127471917e0
           285.2167 1.1279202099e0 1.4281569490e0
           335.2167 1.1222952368e0 2.2652207671e0
  /
  33.66545039 236.8421 1.1342345842e0 1.0597966184e0
           246.8421 1.1330971857e0 1.1149241514e0
           261.8421 1.1314020207e0 1.2096719936e0
           286.8421 1.1285760616e0 1.4277630405e0
           336.8421 1.1229478264e0 2.2847231743e0
  /
  33.80205172 237.7083 1.1345861784e0 1.0574915073e0
           247.7083 1.1334483970e0 1.1128369982e0
           262.7083 1.1317527326e0 1.2080380683e0
           287.7083 1.1289258895e0 1.4275530206e0
           337.7083 1.1232959143e0 2.2952636206e0
  /
  34.19497940 240.2000 1.1355987400e0 1.0509086568e0
           250.2000 1.1344598554e0 1.1068695987e0
           265.2000 1.1327627533e0 1.2033570668e0
           290.2000 1.1299333642e0 1.4269485262e0
           340.2000 1.1242983778e0 2.3261698868e0
  /
  34.58790707 242.6917 1.1366131104e0 1.0443957126e0
           252.6917 1.1354731207e0 1.1009553664e0
           267.6917 1.1337745783e0 1.1987039361e0
           292.6917 1.1309426387e0 1.4263434651e0
           342.6917 1.1253026323e0 2.3579773290e0
  /
  34.98083475 245.1833 1.1376292947e0 1.0379515671e0
           255.1833 1.1364881976e0 1.0950935939e0
           270.1833 1.1347882125e0 1.1940784280e0
           295.1833 1.1319537177e0 1.4257378363e0
           345.1833 1.1263086823e0 2.3907259457e0
  /
  35.37376242 247.6750 1.1386472976e0 1.0315751358e0
           257.6750 1.1375050910e0 1.0892835864e0
           272.6750 1.1358036608e0 1.1894802973e0
           297.6750 1.1329666062e0 1.4251316392e0
           347.6750 1.1273165329e0 2.4244581379e0
  /
  35.76669010 250.1667 1.1396671240e0 1.0252653570e0
           260.1667 1.1385238058e0 1.0835246611e0
           275.1667 1.1368209280e0 1.1849093015e0
           300.1667 1.1339813091e0 1.4245248728e0
           350.1667 1.1283261888e0 2.4592188925e0
  /
  36.15539870 252.6316 1.1406777992e0 1.0190878933e0
           262.6316 1.1395333791e0 1.0778771774e0
           277.6316 1.1378290669e0 1.1804138518e0
           302.6316 1.1349869065e0 1.4239240608e0
           352.6316 1.1293267845e0 2.4946652870e0
  /
  36.15961778 252.6583 1.1406887790e0 1.0190211911e0
           262.6583 1.1395443470e0 1.0778161474e0
           277.6583 1.1378400191e0 1.1803652013e0
           302.6583 1.1349978311e0 1.4239175365e0
           352.6583 1.1293376548e0 2.4950559820e0
  /
  36.55254545 255.1500 1.1417122672e0 1.0128416200e0
           265.1500 1.1405667193e0 1.0721573861e0
           280.1500 1.1388609389e0 1.1758477599e0
           305.1500 1.1360161772e0 1.4233096294e0
           355.1500 1.1303509359e0 2.5320201843e0
  /
  36.94547313 257.6417 1.1427375938e0 1.0067256464e0
           267.6417 1.1415909278e0 1.0665477298e0
           282.6417 1.1398836924e0 1.1713567434e0
           307.6417 1.1370363524e0 1.4227011507e0
           357.6417 1.1313660369e0 2.5701655222e0
  /
  37.33840080 260.1333 1.1437647637e0 1.0006722937e0
           270.1333 1.1426169773e0 1.0609865419e0
           285.1333 1.1409082845e0 1.1668919207e0
           310.1333 1.1380583615e0 1.4220920996e0
           360.1333 1.1323829628e0 2.6095495269e0
  /
  37.73132848 262.6250 1.1447937817e0 9.9468060499e-1
           272.6250 1.1436448730e0 1.0554731970e0
           287.6250 1.1419347202e0 1.1624530632e0
           312.6250 1.1390822094e0 1.4214824752e0
           362.6250 1.1334017184e0 2.6502335278e0
  /
  38.12425615 265.1167 1.1458246531e0 9.8874964277e-1
           275.1167 1.1446746197e0 1.0500070803e0
           290.1167 1.1429630045e0 1.1580399451e0
           315.1167 1.1401079012e0 1.4208722769e0
           365.1167 1.1344223088e0 2.6922829708e0
  /
  38.51718383 267.6083 1.1468573826e0 9.8287848852e-1
           277.6083 1.1457062224e0 1.0445875877e0
           292.6083 1.1439931423e0 1.1536523432e0
           317.6083 1.1411354419e0 1.4202615037e0
           367.6083 1.1354447388e0 2.7357677698e0
  /
  38.64534700 268.4211 1.1471946359e0 9.8097624892e-1
           278.4211 1.1460431077e0 1.0428298689e0
           293.4211 1.1443295492e0 1.1522266989e0
           318.4211 1.1414710007e0 1.4200621603e0
           368.4211 1.1357786286e0 2.7502742594e0
  /
  38.91011151 270.1000 1.1478919755e0 9.7706624212e-1
           280.1000 1.1467396862e0 1.0392141250e0
           295.1000 1.1450251387e0 1.1492900367e0
           320.1000 1.1421648364e0 1.4196501549e0
           370.1000 1.1364690135e0 2.7807626948e0
  /
  39.30303918 272.5917 1.1489284366e0 9.7131202142e-1
           282.5917 1.1477750162e0 1.0338861084e0
           297.5917 1.1460589987e0 1.1449528077e0
           322.5917 1.1431960898e0 1.4190382296e0
           372.5917 1.1374951378e0 2.8273478006e0
  /
  39.69596686 275.0833 1.1499667712e0 9.6561496180e-1
           285.0833 1.1488122173e0 1.0286029638e0
           300.0833 1.1470947274e0 1.1406404404e0
           325.0833 1.1442292071e0 1.4184257270e0
           375.0833 1.1385231168e0 2.8756089022e0
  /
  40.08889453 277.5750 1.1510069842e0 9.5997421573e-1
           287.5750 1.1498512946e0 1.0233641266e0
           302.5750 1.1481323298e0 1.1363527217e0
           327.5750 1.1452641933e0 1.4178126464e0
           377.5750 1.1395529554e0 2.9256381026e0
  /
  40.48182221 280.0667 1.1520490808e0 9.5438895237e-1
           290.0667 1.1508922534e0 1.0181690418e0
           305.0667 1.1491718110e0 1.1320894409e0
           330.0667 1.1463010536e0 1.4171989868e0
           380.0667 1.1405846589e0 2.9775343792e0
  /
  40.87474988 282.5583 1.1530930661e0 9.4885835711e-1
           292.5583 1.1519350986e0 1.0130171636e0
           307.5583 1.1502131761e0 1.1278503897e0
           332.5583 1.1473397931e0 1.4165847475e0
           382.5583 1.1416182321e0 3.0314042375e0
  /
  41.13529531 284.2105 1.1537863635e0 9.4522084027e-1
           294.2105 1.1526276388e0 1.0096245781e0
           309.2105 1.1509047336e0 1.1250527868e0
           334.2105 1.1480296068e0 1.4161771331e0
           384.2105 1.1423046151e0 3.0682686802e0
  /
  41.26767756 285.0500 1.1541389452e0 9.4338163124e-1
           295.0500 1.1529798353e0 1.0079079552e0
           310.0500 1.1512564303e0 1.1236353620e0
           335.0500 1.1483804167e0 1.4159699277e0
           385.0500 1.1426536802e0 3.0873624409e0
  /
  41.66060524 287.5417 1.1551867233e0 9.3795799152e-1
           297.5417 1.1540264689e0 1.0028408887e0
           312.5417 1.1523015787e0 1.1194441542e0
           337.5417 1.1494229298e0 1.4153545265e0
           387.5417 1.1436910084e0 3.1455328264e0
  /
  42.05353291 290.0333 1.1562364055e0 9.3258666982e-1
           300.0333 1.1550750043e0 9.9781544482e-1
           315.0333 1.1533486265e0 1.1152765651e0
           340.0333 1.1504673374e0 1.4147385430e0
           390.0333 1.1447302217e0 3.2060492196e0
  /
  42.44646059 292.5250 1.1572879972e0 9.2726691276e-1
           302.5250 1.1561254469e0 9.9283111280e-1
           317.5250 1.1543975788e0 1.1111323954e0
           342.5250 1.1515136447e0 1.4141219766e0
           392.5250 1.1457713252e0 3.2690564629e0
  /
  42.83938826 295.0167 1.1583415034e0 9.2199798137e-1
           305.0167 1.1571778017e0 9.8788739023e-1
           320.0167 1.1554484409e0 1.1070114484e0
           345.0167 1.1525618568e0 1.4135048263e0
           395.0167 1.1468143242e0 3.3347115724e0
  /
  43.23231594 297.5083 1.1593969294e0 9.1677915070e-1
           307.5083 1.1582320742e0 9.8298378281e-1
           322.5083 1.1565012179e0 1.1029135293e0
           347.5083 1.1536119791e0 1.4128870913e0
           397.5083 1.1478592238e0 3.4031850448e0
  /
  43.62524362 300.0000 1.1604542805e0 9.1160970956e-1
           310.0000 1.1592882694e0 9.7811980425e-1
           325.0000 1.1575559151e0 1.0988384458e0
           350.0000 1.1546640167e0 1.4122687708e0
           400.0000 1.1489060293e0 3.4746623353e0
  /
/
PVDG
  1.0000 1.2397678969e0 1.2539453751e-2
  3.4917 3.4794984888e-1 1.2668078987e-2
  5.9833 2.0237375528e-1 1.2689326100e-2
  8.4750 1.4267926264e-1 1.2698059246e-2
  10.9667 1.1017946054e-1 1.2702818937e-2
  13.4583 8.9738600965e-2 1.2705814389e-2
  15.7895 7.6466277925e-2 1.2707760103e-2
  15.9500 7.5656670394e-2 1.2713548178e-2
  18.4417 6.4978053852e-2 1.2790388530e-2
  20.9333 5.6941065208e-2 1.2848835865e-2
  23.4250 5.0673388318e-2 1.2894788291e-2
  25.9167 4.5648696886e-2 1.2931865637e-2
  28.4083 4.1530590531e-2 1.2962412628e-2
  30.9000 3.8094014789e-2 1.2988014892e-2
  31.5789 3.7254018993e-2 1.2994288195e-2
  33.3917 3.5086834190e-2 1.3054722544e-2
  35.8833 3.2488960591e-2 1.3127912095e-2
  38.3750 3.0249266616e-2 1.3191672633e-2
  40.8667 2.8298453921e-2 1.3247715998e-2
  43.3583 2.6584017674e-2 1.3297363300e-2
  45.8500 2.5065450044e-2 1.3341650374e-2
  47.3684 2.4222250643e-2 1.3366368813e-2
  48.3417 2.3688970309e-2 1.3402618425e-2
  50.8333 2.2424988590e-2 1.3489327679e-2
  53.3250 2.1289059840e-2 1.3568215293e-2
  55.8167 2.0262662828e-2 1.3640293925e-2
  58.3083 1.9330683855e-2 1.3706408653e-2
  60.8000 1.8480667560e-2 1.3767270267e-2
  63.1579 1.7742378646e-2 1.3820572441e-2
  63.2917 1.7700777088e-2 1.3826154225e-2
  65.7833 1.6960063714e-2 1.3926297837e-2
  68.2750 1.6278852721e-2 1.4019685951e-2
  70.7667 1.5650251127e-2 1.4106979831e-2
  73.2583 1.5068391041e-2 1.4188757167e-2
  75.7500 1.4528245943e-2 1.4265524870e-2
  78.2417 1.4025485097e-2 1.4337729588e-2
  78.9474 1.3889352689e-2 1.4357406362e-2
  80.7333 1.3547358269e-2 1.4438072316e-2
  83.2250 1.3097433165e-2 1.4545586739e-2
  85.7167 1.2676432617e-2 1.4647649637e-2
  88.2083 1.2281654257e-2 1.4744665388e-2
  90.7000 1.1910722189e-2 1.4836999340e-2
  93.1917 1.1561539129e-2 1.4924982411e-2
  94.7368 1.1355099126e-2 1.4977491297e-2
  95.6833 1.1230266782e-2 1.5024771346e-2
  98.1750 1.0914396144e-2 1.5145750845e-2
  100.6667 1.0615808214e-2 1.5261916023e-2
  103.1583 1.0333122340e-2 1.5373548648e-2
  105.6500 1.0065101116e-2 1.5480908922e-2
  108.1417 9.8106322753e-3 1.5584237504e-2
  110.5263 9.5788582520e-3 1.5679558372e-2
  110.6333 9.5686816022e-3 1.5685377780e-2
  113.1250 9.3377059301e-3 1.5818630249e-2
  115.6167 9.1176183452e-3 1.5947724921e-2
  118.1083 8.9076666865e-3 1.6072853408e-2
  120.6000 8.7071665139e-3 1.6194195725e-2
  123.0917 8.5154936541e-3 1.6311921155e-2
  125.5833 8.3320777105e-3 1.6426189038e-2
  126.3158 8.2796535959e-3 1.6459143963e-2
  128.0750 8.1584308932e-3 1.6565327063e-2
  130.5667 7.9926873019e-3 1.6712744450e-2
  133.0583 7.8335439898e-3 1.6856781762e-2
  135.5500 7.6806143970e-3 1.6997553931e-2
  138.0417 7.5335415720e-3 1.7135170738e-2
  140.5333 7.3919953898e-3 1.7269737096e-2
  143.0250 7.2556700787e-3 1.7401353320e-2
  145.5167 7.1242820148e-3 1.7530115372e-2
  148.0083 6.9975677529e-3 1.7656115099e-2
  150.0000 6.8994771756e-3 1.7754903267e-2
  150.5000 6.8764219324e-3 1.7786807235e-2
  152.9917 6.7637894786e-3 1.7944331521e-2
  155.4833 6.6547872926e-3 1.8099458294e-2
  157.9750 6.5492426467e-3 1.8252241876e-2
  160.4667 6.4469936001e-3 1.8402734961e-2
  162.9583 6.3478881694e-3 1.8550988673e-2
  165.4500 6.2517835751e-3 1.8697052626e-2
  167.9417 6.1585455555e-3 1.8840974980e-2
  170.4333 6.0680477403e-3 1.8982802493e-2
  172.9250 5.9801710798e-3 1.9122580571e-2
  173.6842 5.9538987686e-3 1.9164770334e-2
  175.4167 5.8982707950e-3 1.9275401164e-2
  177.9083 5.8200635098e-3 1.9433114688e-2
  180.4000 5.7439030419e-3 1.9589200930e-2
  182.8917 5.6697100762e-3 1.9743684946e-2
  185.3833 5.5974093434e-3 1.9896591280e-2
  187.8750 5.5269293650e-3 2.0047943978e-2
  189.4737 5.4826357800e-3 2.0144246483e-2
  190.3667 5.4596151884e-3 2.0201798736e-2
  192.8583 5.3963918279e-3 2.0361564435e-2
  195.3500 5.3346159816e-3 2.0520132156e-2
  197.8417 5.2742385002e-3 2.0677515323e-2
  200.3333 5.2152124348e-3 2.0833727161e-2
  202.8250 5.1574929149e-3 2.0988780698e-2
  205.2632 5.1022364406e-3 2.1139395526e-2
  205.3167 5.1011140467e-3 2.1142838801e-2
  207.8083 5.0493904643e-3 2.1302742318e-2
  210.3000 4.9987052723e-3 2.1461799525e-2
  212.7917 4.9490275120e-3 2.1620017121e-2
  215.2833 4.9003274429e-3 2.1777401738e-2
  217.7750 4.8525764838e-3 2.1933959937e-2
  220.2667 4.8057471569e-3 2.2089698209e-2
  221.0526 4.7911623853e-3 2.2138654809e-2
  222.7583 4.7619341197e-3 2.2247152438e-2
  225.2500 4.7198731455e-3 2.2405165671e-2
  227.7417 4.6785486940e-3 2.2562613328e-2
  230.2333 4.6379415873e-3 2.2719498439e-2
  232.7250 4.5980333078e-3 2.2875824015e-2
  235.2167 4.5588059696e-3 2.3031593042e-2
  236.8421 4.5335747564e-3 2.3132910417e-2
  237.7083 4.5211732692e-3 2.3187181933e-2
  240.2000 4.4858762552e-3 2.3343052286e-2
  242.6917 4.4511261028e-3 2.3498568509e-2
  245.1833 4.4169102007e-3 2.3653731810e-2
  247.6750 4.3832163225e-3 2.3808543387e-2
  250.1667 4.3500326122e-3 2.3963004434e-2
  252.6316 4.3176959180e-3 2.4115463212e-2
  252.6583 4.3173721229e-3 2.4117107058e-2
  255.1500 4.2874281001e-3 2.4270101932e-2
  257.6417 4.2578965823e-3 2.4422902359e-2
  260.1333 4.2287691037e-3 2.4575508710e-2
  262.6250 4.2000374288e-3 2.4727921354e-2
  265.1167 4.1716935444e-3 2.4880140659e-2
  267.6083 4.1437296520e-3 2.5032166994e-2
  268.4211 4.1346894373e-3 2.5081712504e-2
  270.1000 4.1174292324e-3 2.5182556963e-2
  272.5917 4.0920779572e-3 2.5332153253e-2
  275.0833 4.0670369505e-3 2.5481673816e-2
  277.5750 4.0423005510e-3 2.5631118711e-2
  280.0667 4.0178632342e-3 2.5780487994e-2
  282.5583 3.9937196086e-3 2.5929781722e-2
  284.2105 3.9778696288e-3 2.6028734894e-2
  285.0500 3.9704120922e-3 2.6077963037e-2
  287.5417 3.9484409142e-3 2.6224086079e-2
  290.0333 3.9267115630e-3 2.6370220398e-2
  292.5250 3.9052200679e-3 2.6516365992e-2
  295.0167 3.8839625447e-3 2.6662522865e-2
  297.5083 3.8629351934e-3 2.6808691018e-2
  300.0000 3.8421342957e-3 2.6954870451e-2
/
SOLUTION
PRESSURE
 2.8000000000e2 2.8000000000e2 2.8000000000e2 2.8000000000e2 2.8000000000e2 2.8000000000e2
 2.8000000000e2 2.8000000000e2 2.8000000000e2 2.8000000000e2 2.8000000000e2 2.8000000000e2
 2.8000000000e2 2.8000000000e2 2.8000000000e2 2.8000000000e2 2.8000000000e2 2.8000000000e2
 2.8000000000e2 2.8000000000e2 2.8000000000e2 2.8000000000e2 2.8000000000e2 2.8000000000e2
 2.8000000000e2 2.8000000000e2 2.8000000000e2 2.8000000000e2 2.8000000000e2 2.8000000000e2
 2.8000000000e2 2.8000000000e2 2.8000000000e2 2.8000000000e2 2.8000000000e2 2.8000000000e2
 2.8000000000e2 2.8000000000e2 2.8000000000e2 2.8000000000e2 2.8000000000e2 2.8000000000e2
 2.8000000000e2 2.8000000000e2 2.8000000000e2 2.8000000000e2 2.8000000000e2 2.8000000000e2
 /
SWAT
 1.0000000000e-1 1.0000000000e-1 1.0000000000e-1 1.0000000000e-1 1.0000000000e-1 1.0000000000e-1
 1.0000000000e-1 1.0000000000e-1 1.0000000000e-1 1.0000000000e-1 1.0000000000e-1 1.0000000000e-1
 1.0000000000e-1 1.0000000000e-1 1.0000000000e-1 1.0000000000e-1 1.0000000000e-1 1.0000000000e-1
 1.0000000000e-1 1.0000000000e-1 1.0000000000e-1 1.0000000000e-1 1.0000000000e-1 1.0000000000e-1
 1.0000000000e-1 1.0000000000e-1 1.0000000000e-1 1.0000000000e-1 1.0000000000e-1 1.0000000000e-1
 1.0000000000e-1 1.0000000000e-1 1.0000000000e-1 1.0000000000e-1 1.0000000000e-1 1.0000000000e-1
 1.0000000000e-1 1.0000000000e-1 1.0000000000e-1 1.0000000000e-1 1.0000000000e-1 1.0000000000e-1
 1.0000000000e-1 1.0000000000e-1 1.0000000000e-1 1.0000000000e-1 1.0000000000e-1 1.0000000000e-1
 /
SGAS
 0.0000000000e0 0.0000000000e0 0.0000000000e0 0.0000000000e0 0.0000000000e0 0.0000000000e0
 0.0000000000e0 0.0000000000e0 0.0000000000e0 0.0000000000e0 0.0000000000e0 0.0000000000e0
 0.0000000000e0 0.0000000000e0 0.0000000000e0 0.0000000000e0 0.0000000000e0 0.0000000000e0
 0.0000000000e0 0.0000000000e0 0.0000000000e0 0.0000000000e0 0.0000000000e0 0.0000000000e0
 0.0000000000e0 0.0000000000e0 0.0000000000e0 0.0000000000e0 0.0000000000e0 0.0000000000e0
 0.0000000000e0 0.0000000000e0 0.0000000000e0 0.0000000000e0 0.0000000000e0 0.0000000000e0
 0.0000000000e0 0.0000000000e0 0.0000000000e0 0.0000000000e0 0.0000000000e0 0.0000000000e0
 0.0000000000e0 0.0000000000e0 0.0000000000e0 0.0000000000e0 0.0000000000e0 0.0000000000e0
 /
RS
 1.9970734707e1 1.9970734707e1 1.9970734707e1 1.9970734707e1 1.9970734707e1 1.9970734707e1
 1.9970734707e1 1.9970734707e1 1.9970734707e1 1.9970734707e1 1.9970734707e1 1.9970734707e1
 1.9970734707e1 1.9970734707e1 1.9970734707e1 1.9970734707e1 1.9970734707e1 1.9970734707e1
 1.9970734707e1 1.9970734707e1 1.9970734707e1 1.9970734707e1 1.9970734707e1 1.9970734707e1
 1.9970734707e1 1.9970734707e1 1.9970734707e1 1.9970734707e1 1.9970734707e1 1.9970734707e1
 1.9970734707e1 1.9970734707e1 1.9970734707e1 1.9970734707e1 1.9970734707e1 1.9970734707e1
 1.9970734707e1 1.9970734707e1 1.9970734707e1 1.9970734707e1 1.9970734707e1 1.9970734707e1
 1.9970734707e1 1.9970734707e1 1.9970734707e1 1.9970734707e1 1.9970734707e1 1.9970734707e1
 /
SUMMARY
FOPR
FWPR
FWIR
FOPT
FWPT
FWIT
FPR
FGPR
FGPT
FGOR
WBHP
/
RUNSUM
SEPARATE
SCHEDULE
RPTRST
  BASIC=2 /
WELSPECS
  'PROD' 'G' 48 1 1* 'OIL' /
/
COMPDAT
  'PROD' 48 1 1 1 'OPEN' 2* 0.2 /
/
WCONPROD
  'PROD' 'OPEN' 'ORAT' 3 4* 1 /
/
TSTEP
  300*0.75 /
END
