-- Generated by src/lib/ressim/src/tests/opm_small_direct.rs; do not edit by hand.
-- Case dep-pvt-lab-report: dep_pvt scenario lab-report variant: the same blowdown with 2.5x the undersaturated c_o.
-- Tables are ResSim's own relperm/PVT functions sampled onto dense nodes.
-- Run with: flow CASE.DATA --enable-gravity=false
RUNSPEC
TITLE
  ressim small-direct dep-pvt-lab-report /
DIMENS
  48 1 1 /
OIL
WATER
GAS
DISGAS
METRIC
TABDIMS
  1 1 250 250 1 250 /
WELLDIMS
  2 1 1 2 /
START
  1 JAN 2026 /
UNIFOUT
GRID
INIT
DX
 1.0000000000e1 1.0000000000e1 1.0000000000e1 1.0000000000e1 1.0000000000e1 1.0000000000e1
 1.0000000000e1 1.0000000000e1 1.0000000000e1 1.0000000000e1 1.0000000000e1 1.0000000000e1
 1.0000000000e1 1.0000000000e1 1.0000000000e1 1.0000000000e1 1.0000000000e1 1.0000000000e1
 1.0000000000e1 1.0000000000e1 1.0000000000e1 1.0000000000e1 1.0000000000e1 1.0000000000e1
 1.0000000000e1 1.0000000000e1 1.0000000000e1 1.0000000000e1 1.0000000000e1 1.0000000000e1
 1.0000000000e1 1.0000000000e1 1.0000000000e1 1.0000000000e1 1.0000000000e1 1.0000000000e1
 1.0000000000e1 1.0000000000e1 1.0000000000e1 1.0000000000e1 1.0000000000e1 1.0000000000e1
 1.0000000000e1 1.0000000000e1 1.0000000000e1 1.0000000000e1 1.0000000000e1 1.0000000000e1
 /
DY
 1.0000000000e1 1.0000000000e1 1.0000000000e1 1.0000000000e1 1.0000000000e1 1.0000000000e1
 1.0000000000e1 1.0000000000e1 1.0000000000e1 1.0000000000e1 1.0000000000e1 1.0000000000e1
 1.0000000000e1 1.0000000000e1 1.0000000000e1 1.0000000000e1 1.0000000000e1 1.0000000000e1
 1.0000000000e1 1.0000000000e1 1.0000000000e1 1.0000000000e1 1.0000000000e1 1.0000000000e1
 1.0000000000e1 1.0000000000e1 1.0000000000e1 1.0000000000e1 1.0000000000e1 1.0000000000e1
 1.0000000000e1 1.0000000000e1 1.0000000000e1 1.0000000000e1 1.0000000000e1 1.0000000000e1
 1.0000000000e1 1.0000000000e1 1.0000000000e1 1.0000000000e1 1.0000000000e1 1.0000000000e1
 1.0000000000e1 1.0000000000e1 1.0000000000e1 1.0000000000e1 1.0000000000e1 1.0000000000e1
 /
DZ
 1.0000000000e1 1.0000000000e1 1.0000000000e1 1.0000000000e1 1.0000000000e1 1.0000000000e1
 1.0000000000e1 1.0000000000e1 1.0000000000e1 1.0000000000e1 1.0000000000e1 1.0000000000e1
 1.0000000000e1 1.0000000000e1 1.0000000000e1 1.0000000000e1 1.0000000000e1 1.0000000000e1
 1.0000000000e1 1.0000000000e1 1.0000000000e1 1.0000000000e1 1.0000000000e1 1.0000000000e1
 1.0000000000e1 1.0000000000e1 1.0000000000e1 1.0000000000e1 1.0000000000e1 1.0000000000e1
 1.0000000000e1 1.0000000000e1 1.0000000000e1 1.0000000000e1 1.0000000000e1 1.0000000000e1
 1.0000000000e1 1.0000000000e1 1.0000000000e1 1.0000000000e1 1.0000000000e1 1.0000000000e1
 1.0000000000e1 1.0000000000e1 1.0000000000e1 1.0000000000e1 1.0000000000e1 1.0000000000e1
 /
TOPS
 1.0000000000e3 1.0000000000e3 1.0000000000e3 1.0000000000e3 1.0000000000e3 1.0000000000e3
 1.0000000000e3 1.0000000000e3 1.0000000000e3 1.0000000000e3 1.0000000000e3 1.0000000000e3
 1.0000000000e3 1.0000000000e3 1.0000000000e3 1.0000000000e3 1.0000000000e3 1.0000000000e3
 1.0000000000e3 1.0000000000e3 1.0000000000e3 1.0000000000e3 1.0000000000e3 1.0000000000e3
 1.0000000000e3 1.0000000000e3 1.0000000000e3 1.0000000000e3 1.0000000000e3 1.0000000000e3
 1.0000000000e3 1.0000000000e3 1.0000000000e3 1.0000000000e3 1.0000000000e3 1.0000000000e3
 1.0000000000e3 1.0000000000e3 1.0000000000e3 1.0000000000e3 1.0000000000e3 1.0000000000e3
 1.0000000000e3 1.0000000000e3 1.0000000000e3 1.0000000000e3 1.0000000000e3 1.0000000000e3
 /
PORO
 2.0000000000e-1 2.0000000000e-1 2.0000000000e-1 2.0000000000e-1 2.0000000000e-1 2.0000000000e-1
 2.0000000000e-1 2.0000000000e-1 2.0000000000e-1 2.0000000000e-1 2.0000000000e-1 2.0000000000e-1
 2.0000000000e-1 2.0000000000e-1 2.0000000000e-1 2.0000000000e-1 2.0000000000e-1 2.0000000000e-1
 2.0000000000e-1 2.0000000000e-1 2.0000000000e-1 2.0000000000e-1 2.0000000000e-1 2.0000000000e-1
 2.0000000000e-1 2.0000000000e-1 2.0000000000e-1 2.0000000000e-1 2.0000000000e-1 2.0000000000e-1
 2.0000000000e-1 2.0000000000e-1 2.0000000000e-1 2.0000000000e-1 2.0000000000e-1 2.0000000000e-1
 2.0000000000e-1 2.0000000000e-1 2.0000000000e-1 2.0000000000e-1 2.0000000000e-1 2.0000000000e-1
 2.0000000000e-1 2.0000000000e-1 2.0000000000e-1 2.0000000000e-1 2.0000000000e-1 2.0000000000e-1
 /
PERMX
 2.0000000000e2 2.0000000000e2 2.0000000000e2 2.0000000000e2 2.0000000000e2 2.0000000000e2
 2.0000000000e2 2.0000000000e2 2.0000000000e2 2.0000000000e2 2.0000000000e2 2.0000000000e2
 2.0000000000e2 2.0000000000e2 2.0000000000e2 2.0000000000e2 2.0000000000e2 2.0000000000e2
 2.0000000000e2 2.0000000000e2 2.0000000000e2 2.0000000000e2 2.0000000000e2 2.0000000000e2
 2.0000000000e2 2.0000000000e2 2.0000000000e2 2.0000000000e2 2.0000000000e2 2.0000000000e2
 2.0000000000e2 2.0000000000e2 2.0000000000e2 2.0000000000e2 2.0000000000e2 2.0000000000e2
 2.0000000000e2 2.0000000000e2 2.0000000000e2 2.0000000000e2 2.0000000000e2 2.0000000000e2
 2.0000000000e2 2.0000000000e2 2.0000000000e2 2.0000000000e2 2.0000000000e2 2.0000000000e2
 /
PERMY
 2.0000000000e2 2.0000000000e2 2.0000000000e2 2.0000000000e2 2.0000000000e2 2.0000000000e2
 2.0000000000e2 2.0000000000e2 2.0000000000e2 2.0000000000e2 2.0000000000e2 2.0000000000e2
 2.0000000000e2 2.0000000000e2 2.0000000000e2 2.0000000000e2 2.0000000000e2 2.0000000000e2
 2.0000000000e2 2.0000000000e2 2.0000000000e2 2.0000000000e2 2.0000000000e2 2.0000000000e2
 2.0000000000e2 2.0000000000e2 2.0000000000e2 2.0000000000e2 2.0000000000e2 2.0000000000e2
 2.0000000000e2 2.0000000000e2 2.0000000000e2 2.0000000000e2 2.0000000000e2 2.0000000000e2
 2.0000000000e2 2.0000000000e2 2.0000000000e2 2.0000000000e2 2.0000000000e2 2.0000000000e2
 2.0000000000e2 2.0000000000e2 2.0000000000e2 2.0000000000e2 2.0000000000e2 2.0000000000e2
 /
PERMZ
 2.0000000000e1 2.0000000000e1 2.0000000000e1 2.0000000000e1 2.0000000000e1 2.0000000000e1
 2.0000000000e1 2.0000000000e1 2.0000000000e1 2.0000000000e1 2.0000000000e1 2.0000000000e1
 2.0000000000e1 2.0000000000e1 2.0000000000e1 2.0000000000e1 2.0000000000e1 2.0000000000e1
 2.0000000000e1 2.0000000000e1 2.0000000000e1 2.0000000000e1 2.0000000000e1 2.0000000000e1
 2.0000000000e1 2.0000000000e1 2.0000000000e1 2.0000000000e1 2.0000000000e1 2.0000000000e1
 2.0000000000e1 2.0000000000e1 2.0000000000e1 2.0000000000e1 2.0000000000e1 2.0000000000e1
 2.0000000000e1 2.0000000000e1 2.0000000000e1 2.0000000000e1 2.0000000000e1 2.0000000000e1
 2.0000000000e1 2.0000000000e1 2.0000000000e1 2.0000000000e1 2.0000000000e1 2.0000000000e1
 /
PROPS
PVTW
  280 1 3e-6 0.5 0 /
ROCK
  280 5e-5 /
DENSITY
  800 1000 10 /
STONE2
SWOF
  0.10000000 0.0000000000e0 1.0000000000e0 0
  0.11000000 1.5625000000e-4 9.7515625000e-1 0
  0.12000000 6.2500000000e-4 9.5062500000e-1 0
  0.13000000 1.4062500000e-3 9.2640625000e-1 0
  0.14000000 2.5000000000e-3 9.0250000000e-1 0
  0.15000000 3.9062500000e-3 8.7890625000e-1 0
  0.16000000 5.6250000000e-3 8.5562500000e-1 0
  0.17000000 7.6562500000e-3 8.3265625000e-1 0
  0.18000000 1.0000000000e-2 8.1000000000e-1 0
  0.19000000 1.2656250000e-2 7.8765625000e-1 0
  0.20000000 1.5625000000e-2 7.6562500000e-1 0
  0.21000000 1.8906250000e-2 7.4390625000e-1 0
  0.22000000 2.2500000000e-2 7.2250000000e-1 0
  0.23000000 2.6406250000e-2 7.0140625000e-1 0
  0.24000000 3.0625000000e-2 6.8062500000e-1 0
  0.25000000 3.5156250000e-2 6.6015625000e-1 0
  0.26000000 4.0000000000e-2 6.4000000000e-1 0
  0.27000000 4.5156250000e-2 6.2015625000e-1 0
  0.28000000 5.0625000000e-2 6.0062500000e-1 0
  0.29000000 5.6406250000e-2 5.8140625000e-1 0
  0.30000000 6.2500000000e-2 5.6250000000e-1 0
  0.31000000 6.8906250000e-2 5.4390625000e-1 0
  0.32000000 7.5625000000e-2 5.2562500000e-1 0
  0.33000000 8.2656250000e-2 5.0765625000e-1 0
  0.34000000 9.0000000000e-2 4.9000000000e-1 0
  0.35000000 9.7656250000e-2 4.7265625000e-1 0
  0.36000000 1.0562500000e-1 4.5562500000e-1 0
  0.37000000 1.1390625000e-1 4.3890625000e-1 0
  0.38000000 1.2250000000e-1 4.2250000000e-1 0
  0.39000000 1.3140625000e-1 4.0640625000e-1 0
  0.40000000 1.4062500000e-1 3.9062500000e-1 0
  0.41000000 1.5015625000e-1 3.7515625000e-1 0
  0.42000000 1.6000000000e-1 3.6000000000e-1 0
  0.43000000 1.7015625000e-1 3.4515625000e-1 0
  0.44000000 1.8062500000e-1 3.3062500000e-1 0
  0.45000000 1.9140625000e-1 3.1640625000e-1 0
  0.46000000 2.0250000000e-1 3.0250000000e-1 0
  0.47000000 2.1390625000e-1 2.8890625000e-1 0
  0.48000000 2.2562500000e-1 2.7562500000e-1 0
  0.49000000 2.3765625000e-1 2.6265625000e-1 0
  0.50000000 2.5000000000e-1 2.5000000000e-1 0
  0.51000000 2.6265625000e-1 2.3765625000e-1 0
  0.52000000 2.7562500000e-1 2.2562500000e-1 0
  0.53000000 2.8890625000e-1 2.1390625000e-1 0
  0.54000000 3.0250000000e-1 2.0250000000e-1 0
  0.55000000 3.1640625000e-1 1.9140625000e-1 0
  0.56000000 3.3062500000e-1 1.8062500000e-1 0
  0.57000000 3.4515625000e-1 1.7015625000e-1 0
  0.58000000 3.6000000000e-1 1.6000000000e-1 0
  0.59000000 3.7515625000e-1 1.5015625000e-1 0
  0.60000000 3.9062500000e-1 1.4062500000e-1 0
  0.61000000 4.0640625000e-1 1.3140625000e-1 0
  0.62000000 4.2250000000e-1 1.2250000000e-1 0
  0.63000000 4.3890625000e-1 1.1390625000e-1 0
  0.64000000 4.5562500000e-1 1.0562500000e-1 0
  0.65000000 4.7265625000e-1 9.7656250000e-2 0
  0.66000000 4.9000000000e-1 9.0000000000e-2 0
  0.67000000 5.0765625000e-1 8.2656250000e-2 0
  0.68000000 5.2562500000e-1 7.5625000000e-2 0
  0.69000000 5.4390625000e-1 6.8906250000e-2 0
  0.70000000 5.6250000000e-1 6.2500000000e-2 0
  0.71000000 5.8140625000e-1 5.6406250000e-2 0
  0.72000000 6.0062500000e-1 5.0625000000e-2 0
  0.73000000 6.2015625000e-1 4.5156250000e-2 0
  0.74000000 6.4000000000e-1 4.0000000000e-2 0
  0.75000000 6.6015625000e-1 3.5156250000e-2 0
  0.76000000 6.8062500000e-1 3.0625000000e-2 0
  0.77000000 7.0140625000e-1 2.6406250000e-2 0
  0.78000000 7.2250000000e-1 2.2500000000e-2 0
  0.79000000 7.4390625000e-1 1.8906250000e-2 0
  0.80000000 7.6562500000e-1 1.5625000000e-2 0
  0.81000000 7.8765625000e-1 1.2656250000e-2 0
  0.82000000 8.1000000000e-1 1.0000000000e-2 0
  0.83000000 8.3265625000e-1 7.6562500000e-3 0
  0.84000000 8.5562500000e-1 5.6250000000e-3 0
  0.85000000 8.7890625000e-1 3.9062500000e-3 0
  0.86000000 9.0250000000e-1 2.5000000000e-3 0
  0.87000000 9.2640625000e-1 1.4062500000e-3 0
  0.88000000 9.5062500000e-1 6.2500000000e-4 0
  0.89000000 9.7515625000e-1 1.5625000000e-4 0
  0.90000000 1.0000000000e0 0.0000000000e0 0
  0.91000000 1.0000000000e0 0.0000000000e0 0
  0.92000000 1.0000000000e0 0.0000000000e0 0
  0.93000000 1.0000000000e0 0.0000000000e0 0
  0.94000000 1.0000000000e0 0.0000000000e0 0
  0.95000000 1.0000000000e0 0.0000000000e0 0
  0.96000000 1.0000000000e0 0.0000000000e0 0
  0.97000000 1.0000000000e0 0.0000000000e0 0
  0.98000000 1.0000000000e0 0.0000000000e0 0
  0.99000000 1.0000000000e0 0.0000000000e0 0
  1.00000000 1.0000000000e0 0.0000000000e0 0
/
SGOF
  0.00000000 0.0000000000e0 1.0000000000e0 0
  0.01000000 0.0000000000e0 9.7351111111e-1 0
  0.02000000 0.0000000000e0 9.4737777778e-1 0
  0.03000000 0.0000000000e0 9.2160000000e-1 0
  0.04000000 0.0000000000e0 8.9617777778e-1 0
  0.05000000 0.0000000000e0 8.7111111111e-1 0
  0.05002323 1.5643946657e-7 8.7105330339e-1 0
  0.05002762 2.0287688816e-7 8.7104236597e-1 0
  0.05003285 2.6309877329e-7 8.7102935921e-1 0
  0.05003906 3.4119689598e-7 8.7101389160e-1 0
  0.05004645 4.4247763063e-7 8.7099549759e-1 0
  0.05005524 5.7382249345e-7 8.7097362355e-1 0
  0.05006570 7.4415570686e-7 8.7094761115e-1 0
  0.05007813 9.6505055547e-7 8.7091667752e-1 0
  0.05009291 1.2515157326e-6 8.7087989174e-1 0
  0.05011049 1.6230151053e-6 8.7083614684e-1 0
  0.05013139 2.1047901863e-6 8.7078412653e-1 0
  0.05015625 2.7295751678e-6 8.7072226562e-1 0
  0.05018581 3.5398210451e-6 8.7064870306e-1 0
  0.05022097 4.5905799476e-6 8.7056122598e-1 0
  0.05026278 5.9532456549e-6 8.7045720333e-1 0
  0.05031250 7.7204044438e-6 8.7033350694e-1 0
  0.05037163 1.0012125861e-5 8.7018641777e-1 0
  0.05044194 1.2984120842e-5 8.7001151445e-1 0
  0.05052556 1.6838321490e-5 8.6980354107e-1 0
  0.05062500 2.1836601343e-5 8.6955625000e-1 0
  0.05074325 2.8318568360e-5 8.6926221547e-1 0
  0.05088388 3.6724639581e-5 8.6891261224e-1 0
  0.05105112 4.7625965239e-5 8.6849695312e-1 0
  0.05125000 6.1763235550e-5 8.6800277778e-1 0
  0.05148651 8.0097006885e-5 8.6741528401e-1 0
  0.05176777 1.0387296674e-4 8.6671689114e-1 0
  0.05210224 1.3470657192e-4 8.6588672349e-1 0
  0.05250000 1.7469281074e-4 8.6490000000e-1 0
  0.05297302 2.2654854688e-4 8.6372731366e-1 0
  0.05353553 2.9379711665e-4 8.6233378228e-1 0
  0.05420448 3.8100772191e-4 8.6067804936e-1 0
  0.05500000 4.9410588440e-4 8.5871111111e-1 0
  0.05594604 6.4077605508e-4 8.5637494317e-1 0
  0.05707107 8.3098373390e-4 8.5360089789e-1 0
  0.05840896 1.0776525754e-3 8.5030784154e-1 0
  0.06000000 1.3975424859e-3 8.4640000000e-1 0
  0.06189207 1.8123883751e-3 8.4176448310e-1 0
  0.06414214 2.3503769332e-3 8.3626846245e-1 0
  0.06681793 3.0480617753e-3 8.2975598771e-1 0
  0.07000000 3.9528470752e-3 8.2204444444e-1 0
  0.07378414 5.1262084406e-3 8.1292068659e-1 0
  0.07828427 6.6478698712e-3 8.0213692490e-1 0
  0.08000000 7.2618437741e-3 7.9804444444e-1 0
  0.08363586 8.6212206031e-3 7.8940652728e-1 0
  0.09000000 1.1180339887e-2 7.7440000000e-1 0
  0.09756828 1.4499107001e-2 7.5674158802e-1 0
  0.10000000 1.5625000000e-2 7.5111111111e-1 0
  0.10656854 1.8803015465e-2 7.3600718312e-1 0
  0.11000000 2.0539595906e-2 7.2817777778e-1 0
  0.11727171 2.4384494202e-2 7.1172459536e-1 0
  0.12000000 2.5882849051e-2 7.0560000000e-1 0
  0.13000000 3.1622776602e-2 6.8337777778e-1 0
  0.14000000 3.7733647120e-2 6.6151111111e-1 0
  0.15000000 4.4194173824e-2 6.4000000000e-1 0
  0.16000000 5.0986364599e-2 6.1884444444e-1 0
  0.17000000 5.8094750193e-2 5.9804444444e-1 0
  0.18000000 6.5505844205e-2 5.7760000000e-1 0
  0.19000000 7.3207752322e-2 5.5751111111e-1 0
  0.20000000 8.1189881605e-2 5.3777777778e-1 0
  0.21000000 8.9442719100e-2 5.1840000000e-1 0
  0.22000000 9.7957659859e-2 4.9937777778e-1 0
  0.23000000 1.0672687103e-1 4.8071111111e-1 0
  0.24000000 1.1574318284e-1 4.6240000000e-1 0
  0.25000000 1.2500000000e-1 4.4444444444e-1 0
  0.26000000 1.3449122880e-1 4.2684444444e-1 0
  0.27000000 1.4421121662e-1 4.0960000000e-1 0
  0.28000000 1.5415470111e-1 3.9271111111e-1 0
  0.29000000 1.6431676725e-1 3.7617777778e-1 0
  0.30000000 1.7469281074e-1 3.6000000000e-1 0
  0.31000000 1.8527850658e-1 3.4417777778e-1 0
  0.32000000 1.9606978190e-1 3.2871111111e-1 0
  0.33000000 2.0706279241e-1 3.1360000000e-1 0
  0.34000000 2.1825390174e-1 2.9884444444e-1 0
  0.35000000 2.2963966339e-1 2.8444444444e-1 0
  0.36000000 2.4121680471e-1 2.7040000000e-1 0
  0.37000000 2.5298221281e-1 2.5671111111e-1 0
  0.38000000 2.6493292193e-1 2.4337777778e-1 0
  0.39000000 2.7706610222e-1 2.3040000000e-1 0
  0.40000000 2.8937904965e-1 2.1777777778e-1 0
  0.41000000 3.0186917696e-1 2.0551111111e-1 0
  0.42000000 3.1453400551e-1 1.9360000000e-1 0
  0.43000000 3.2737115786e-1 1.8204444444e-1 0
  0.44000000 3.4037835107e-1 1.7084444444e-1 0
  0.45000000 3.5355339059e-1 1.6000000000e-1 0
  0.46000000 3.6689416475e-1 1.4951111111e-1 0
  0.47000000 3.8039863959e-1 1.3937777778e-1 0
  0.48000000 3.9406485428e-1 1.2960000000e-1 0
  0.49000000 4.0789091679e-1 1.2017777778e-1 0
  0.50000000 4.2187500000e-1 1.1111111111e-1 0
  0.51000000 4.3601533803e-1 1.0240000000e-1 0
  0.52000000 4.5031022293e-1 9.4044444444e-2 0
  0.53000000 4.6475800154e-1 8.6044444444e-2 0
  0.54000000 4.7935707268e-1 7.8400000000e-2 0
  0.55000000 4.9410588440e-1 7.1111111111e-2 0
  0.56000000 5.0900293160e-1 6.4177777778e-2 0
  0.57000000 5.2404675364e-1 5.7600000000e-2 0
  0.58000000 5.3923593225e-1 5.1377777778e-2 0
  0.59000000 5.5456908947e-1 4.5511111111e-2 0
  0.60000000 5.7004488584e-1 4.0000000000e-2 0
  0.61000000 5.8566201857e-1 3.4844444444e-2 0
  0.62000000 6.0141921995e-1 3.0044444444e-2 0
  0.63000000 6.1731525576e-1 2.5600000000e-2 0
  0.64000000 6.3334892388e-1 2.1511111111e-2 0
  0.65000000 6.4951905284e-1 1.7777777778e-2 0
  0.66000000 6.6582450062e-1 1.4400000000e-2 0
  0.67000000 6.8226415339e-1 1.1377777778e-2 0
  0.68000000 6.9883692438e-1 8.7111111111e-3 0
  0.69000000 7.1554175280e-1 6.4000000000e-3 0
  0.70000000 7.3237760283e-1 4.4444444444e-3 0
  0.71000000 7.4934346264e-1 2.8444444444e-3 0
  0.72000000 7.6643834349e-1 1.6000000000e-3 0
  0.73000000 7.8366127887e-1 7.1111111111e-4 0
  0.74000000 8.0101132366e-1 1.7777777778e-4 0
  0.75000000 8.1848755336e-1 1.3695501827e-33 0
  0.76000000 8.3608906336e-1 0.0000000000e0 0
  0.77000000 8.5381496825e-1 0.0000000000e0 0
  0.78000000 8.7166440109e-1 0.0000000000e0 0
  0.79000000 8.8963651285e-1 0.0000000000e0 0
  0.80000000 9.0773047177e-1 0.0000000000e0 0
  0.81000000 9.2594546276e-1 0.0000000000e0 0
  0.82000000 9.4428068689e-1 0.0000000000e0 0
  0.83000000 9.6273536083e-1 0.0000000000e0 0
  0.84000000 9.8130871640e-1 0.0000000000e0 0
  0.85000000 1.0000000000e0 0.0000000000e0 0
  0.86000000 1.0000000000e0 0.0000000000e0 0
  0.87000000 1.0000000000e0 0.0000000000e0 0
  0.88000000 1.0000000000e0 0.0000000000e0 0
  0.89000000 1.0000000000e0 0.0000000000e0 0
  0.90000000 1.0000000000e0 0.0000000000e0 0
/
PVTO
  0.22227289 1.0000 1.0540372793e0 2.2630132614e0
           11.0000 1.0514054772e0 2.2686778724e0
           26.0000 1.0474700901e0 2.2772013860e0
           51.0000 1.0409438179e0 2.2914784641e0
           101.0000 1.0280130061e0 2.3203017149e0
           300.0000 9.7812071979e-1 2.4386563874e0
  /
  1.22532074 3.4917 1.0562869265e0 2.1821860675e0
           13.4917 1.0536495073e0 2.1876483577e0
           28.4917 1.0497057209e0 2.1958674402e0
           53.4917 1.0431655196e0 2.2096345892e0
           103.4917 1.0302071094e0 2.2374283708e0
           300.0000 9.8081911554e-1 2.3500914468e0
  /
  2.22836859 5.9833 1.0585461972e0 2.1066227498e0
           15.9833 1.0559031369e0 2.1118958954e0
           30.9833 1.0519509152e0 2.1198303728e0
           55.9833 1.0453967252e0 2.1331208020e0
           105.9833 1.0324105985e0 2.1599521586e0
           300.0000 9.8352943577e-1 2.2673012313e0
  /
  3.23141644 8.4750 1.0608151532e0 2.0358253091e0
           18.4750 1.0581664276e0 2.0409212396e0
           33.4750 1.0542057345e0 2.0485890625e0
           58.4750 1.0476374958e0 2.0614328391e0
           108.4750 1.0346235338e0 2.0873624722e0
           300.0000 9.8625175740e-1 2.1897394058e0
  /
  4.23446429 10.9667 1.0630938570e0 1.9693566445e0
           20.9667 1.0604394418e0 1.9742861955e0
           35.9667 1.0564702408e0 1.9817036678e0
           60.9667 1.0498878930e0 1.9941281016e0
           110.9667 1.0368459762e0 2.0192111453e0
           300.0000 9.8898615801e-1 2.1169264444e0
  /
  5.23751213 13.4583 1.0653823715e0 1.9068315210e0
           23.4583 1.0627222421e0 1.9116045636e0
           38.4583 1.0587444966e0 1.9187865385e0
           63.4583 1.0521479791e0 1.9308165089e0
           113.4583 1.0390779870e0 1.9551031908e0
           300.0000 9.9173271585e-1 2.0484397211e0
  /
  6.17593835 15.7895 1.0675323870e0 1.8516026815e0
           25.7895 1.0648668893e0 1.8562374793e0
           40.7895 1.0608811165e0 1.8632114379e0
           65.7895 1.0542712867e0 1.8748929761e0
           115.7895 1.0411749185e0 1.8984762266e0
           300.0000 9.9431340346e-1 1.9879505029e0
  /
  6.25788288 15.9500 1.0677203093e0 1.8474221987e0
           25.9500 1.0650543424e0 1.8520465322e0
           40.9500 1.0610678679e0 1.8590047452e0
           65.9500 1.0544568746e0 1.8706599093e0
           115.9500 1.0413582010e0 1.8941899143e0
           300.0000 9.9452834792e-1 1.9833825809e0
  /
  7.52981425 18.4417 1.0706457197e0 1.7846956712e0
           28.4417 1.0679724483e0 1.7891629922e0
           43.4417 1.0639750515e0 1.7958849493e0
           68.4417 1.0573459449e0 1.8071443793e0
           118.4417 1.0442113827e0 1.8298754573e0
           300.0000 9.9787462127e-1 1.9148465555e0
  /
  8.80174563 20.9333 1.0735872045e0 1.7257774403e0
           30.9333 1.0709065886e0 1.7300972815e0
           45.9333 1.0668982093e0 1.7365973262e0
           70.9333 1.0602508900e0 1.7474850482e0
           120.9333 1.0470802420e0 1.7694657042e0
           300.0000 1.0012396699e0 1.8504785950e0
  /
  10.07367700 23.4250 1.0765448967e0 1.6703309059e0
           33.4250 1.0738568958e0 1.6745119573e0
           48.4250 1.0698374736e0 1.6808031658e0
           73.4250 1.0631718412e0 1.6913410823e0
           123.4250 1.0499649085e0 1.7126155341e0
           300.0000 1.0046236493e0 1.7899102950e0
  /
  11.34560838 25.9167 1.0795189305e0 1.6180580005e0
           35.9167 1.0768235039e0 1.6221082061e0
           50.9167 1.0727929777e0 1.6282025316e0
           75.9167 1.0661089310e0 1.6384106646e0
           125.9167 1.0528655132e0 1.6590193338e0
           300.0000 1.0080267166e0 1.7328154239e0
  /
  12.61753975 28.4083 1.0825094419e0 1.5686938284e0
           38.4083 1.0798065483e0 1.5726204692e0
           53.4083 1.0757648567e0 1.5785288673e0
           78.4083 1.0690622936e0 1.5884255677e0
           128.4083 1.0557821886e0 1.6084055017e0
           300.0000 1.0114490307e0 1.6789040567e0
  /
  13.88947112 30.9000 1.0855165681e0 1.5220021764e0
           40.9000 1.0828061661e0 1.5258119421e0
           55.9000 1.0787532469e0 1.5315444787e0
           80.9000 1.0720320647e0 1.5411466071e0
           130.9000 1.0587150685e0 1.5605318450e0
           300.0000 1.0148907521e0 1.6279176609e0
  /
  14.23605619 31.5789 1.0863388703e0 1.5097143343e0
           41.5789 1.0836264151e0 1.5134933419e0
           56.5789 1.0795704257e0 1.5191795970e0
           81.5789 1.0728441521e0 1.5287042029e0
           131.5789 1.0595170680e0 1.5479329346e0
           300.0000 1.0158319632e0 1.6145006495e0
  /
  15.26553383 33.3917 1.0887722644e0 1.4781562296e0
           43.3917 1.0860537334e0 1.4818562433e0
           58.3917 1.0819886586e0 1.4874236365e0
           83.3917 1.0752473182e0 1.4967491461e0
           133.3917 1.0618903815e0 1.5155759327e0
           300.0000 1.0185689125e0 1.5800359559e0
  /
  16.68059855 35.8833 1.0921349234e0 1.4366570416e0
           45.8833 1.0894079962e0 1.4402531775e0
           60.8833 1.0853303665e0 1.4456642664e0
           85.8833 1.0785682055e0 1.4547279626e0
           135.8833 1.0651700161e0 1.4730261878e0
           300.0000 1.0223513908e0 1.5347201973e0
  /
  18.09566327 38.3750 1.0955184178e0 1.3971879857e0
           48.3750 1.0927830424e0 1.4006853255e0
           63.3750 1.0886927800e0 1.4059477564e0
           88.3750 1.0819096695e0 1.4147624471e0
           138.3750 1.0684699717e0 1.4325579680e0
           300.0000 1.0261577036e0 1.4916276184e0
  /
  19.51072799 40.8667 1.0989229419e0 1.3596036482e0
           50.8667 1.0961790658e0 1.3630069097e0
           65.8667 1.0920760922e0 1.3681277812e0
           90.8667 1.0852719018e0 1.3767053569e0
           140.8667 1.0717904378e0 1.3940221785e0
           300.0000 1.0299880735e0 1.4505989723e0
  /
  20.92579271 43.3583 1.1023486922e0 1.3237721792e0
           53.3583 1.0995962625e0 1.3270857499e0
           68.3583 1.0954804984e0 1.3320716642e0
           93.3583 1.0886550969e0 1.3404231834e0
           143.3583 1.0751316061e0 1.3572836315e0
           300.0000 1.0338427256e0 1.4114898663e0
  /
  22.34085743 45.8500 1.1057958681e0 1.2895737469e0
           55.8500 1.1030348311e0 1.2928017145e0
           70.8500 1.0989061965e0 1.2976588223e0
           95.8500 1.0920594512e0 1.3057945878e0
           145.8500 1.0784936708e0 1.3222194617e0
           300.0000 1.0377218881e0 1.3741690690e0
  /
  23.20319752 47.3684 1.1079071688e0 1.2694870794e0
           57.3684 1.1051408602e0 1.2726647676e0
           72.3684 1.1010043428e0 1.2774462201e0
           97.3684 1.0941445249e0 1.2854552612e0
           147.3684 1.0805528433e0 1.3016242979e0
           300.0000 1.0400979666e0 1.3522513082e0
  /
  23.79567710 48.3417 1.1093446441e0 1.2574517430e0
           58.3417 1.1065747463e0 1.2605993051e0
           73.3417 1.1024328619e0 1.2653354272e0
           98.3417 1.0955641436e0 1.2732685388e0
           148.3417 1.0819548273e0 1.2892842854e0
           300.0000 1.0417008885e0 1.3391054685e0
  /
  25.31252094 50.8333 1.1130418703e0 1.2275198562e0
           60.8333 1.1102627410e0 1.2305924950e0
           75.8333 1.1061070525e0 1.2352158803e0
           100.8333 1.0992154421e0 1.2429601552e0
           150.8333 1.0855607686e0 1.2585946693e0
           300.0000 1.0458239297e0 1.3064158868e0
  /
  26.82936479 53.3250 1.1167638231e0 1.1987934062e0
           63.3250 1.1139754006e0 1.2017941391e0
           78.3250 1.1098058157e0 1.2063093278e0
           103.3250 1.1028911601e0 1.2138723710e0
           153.3250 1.0891908261e0 1.2291410058e0
           300.0000 1.0499749526e0 1.2750486135e0
  /
  28.34620863 55.8167 1.1205107515e0 1.1712010113e0
           65.8167 1.1177129733e0 1.1741326769e0
           80.8167 1.1135293988e0 1.1785439404e0
           105.8167 1.1065915434e0 1.1859329065e0
           155.8167 1.0928452425e0 1.2008501061e0
           300.0000 1.0541542389e0 1.2449253410e0
  /
  29.86305247 58.3083 1.1242829077e0 1.1446768165e0
           68.3083 1.1214757109e0 1.1475420886e0
           83.3083 1.1172780525e0 1.1518534502e0
           108.3083 1.1103168411e0 1.1590750783e0
           158.3083 1.0965242638e0 1.1736544480e0
           300.0000 1.0583620745e0 1.2159738246e0
  /
  31.37989632 60.8000 1.1280805472e0 1.1191599688e0
           70.8000 1.1252638682e0 1.1219613690e0
           85.8000 1.1210520308e0 1.1261766228e0
           110.8000 1.1140673056e0 1.1332372682e0
           160.8000 1.1002281393e0 1.1474916383e0
           300.0000 1.0625987489e0 1.1881273071e0
  /
  32.81530426 63.1579 1.1316980024e0 1.0958897529e0
           73.1579 1.1288722910e0 1.0986329048e0
           88.1579 1.1246469474e0 1.1027605126e0
           113.1579 1.1176398240e0 1.1096743491e0
           163.1579 1.1037562792e0 1.1236323341e0
           300.0000 1.0666347892e0 1.1627374775e0
  /
  32.90106069 63.2917 1.1319111513e0 1.0946675817e0
           73.2917 1.1290849077e0 1.0974076744e0
           88.2917 1.1248587683e0 1.1015306789e0
           113.2917 1.1178503251e0 1.1084368048e0
           163.2917 1.1039641654e0 1.1223792235e0
           300.0000 1.0668713625e0 1.1614019142e0
  /
  34.49837964 65.7833 1.1358960387e0 1.0723103180e0
           75.7833 1.1330598453e0 1.0749944475e0
           90.7833 1.1288188278e0 1.0790332447e0
           115.7833 1.1217857115e0 1.0857983213e0
           165.7833 1.1078506656e0 1.0994559829e0
           300.0000 1.0712943971e0 1.1369732221e0
  /
  36.09569859 68.2750 1.1399090828e0 1.0506994225e0
           78.2750 1.1370628694e0 1.0533294572e0
           93.2750 1.1328068686e0 1.0572868582e0
           118.2750 1.1257489048e0 1.0639155943e0
           168.2750 1.1117646273e0 1.0772980050e0
           300.0000 1.0757491013e0 1.1133653875e0
  /
  37.69301754 70.7667 1.1439505831e0 1.0297981341e0
           80.7667 1.1410942785e0 1.0323758503e0
           95.7667 1.1368231882e0 1.0362545277e0
           120.7667 1.1297402007e0 1.0427514000e0
           170.7667 1.1157063425e0 1.0558675980e0
           300.0000 1.0802358124e0 1.0905379756e0
  /
  39.29033649 73.2583 1.1480208432e0 1.0095720668e0
           83.2583 1.1451543757e0 1.0120991545e0
           98.2583 1.1408680886e0 1.0159016516e0
           123.2583 1.1337598993e0 1.0222709201e0
           173.2583 1.1196761076e0 1.0351295053e0
           300.0000 1.0847548722e0 1.0684531641e0
  /
  40.88765544 75.7500 1.1521201714e0 9.8998902086e-1
           85.7500 1.1492434684e0 9.9246708970e-1
           100.7500 1.1449418759e0 9.9619582830e-1
           125.7500 1.1378083048e0 1.0024415498e0
           175.7500 1.1236742230e0 1.0150507122e0
           300.0000 1.0893066275e0 1.0470755356e0
  /
  42.48497439 78.2417 1.1562488801e0 9.7101881199e-1
           88.2417 1.1533618681e0 9.7344939599e-1
           103.2417 1.1490448606e0 9.7710668435e-1
           128.2417 1.1418857258e0 9.8323272506e-1
           178.2417 1.1277009935e0 9.9560027025e-1
           300.0000 1.0938914302e0 1.0263718893e0
  /
  42.93737471 78.9474 1.1574236155e0 9.6575338269e-1
           88.9474 1.1545336704e0 9.6817078664e-1
           103.9474 1.1502122768e0 9.7180824306e-1
           128.9474 1.1430458684e0 9.7790106481e-1
           178.9474 1.1288467246e0 9.9020154597e-1
           300.0000 1.0951960145e0 1.0206262231e0
  /
  44.13046425 80.7333 1.1604668413e0 9.5344334433e-1
           90.7333 1.1575692977e0 9.5582993469e-1
           105.7333 1.1532365418e0 9.5942102603e-1
           130.7333 1.1460512907e0 9.6543618524e-1
           180.7333 1.1318148129e0 9.7757987751e-1
           300.0000 1.0985660153e0 1.0071669529e0
  /
  45.79498823 83.2250 1.1647393960e0 9.3668086473e-1
           93.2250 1.1618311843e0 9.3902549646e-1
           108.2250 1.1574824763e0 9.4255345286e-1
           133.2250 1.1502707709e0 9.4846285960e-1
           183.2250 1.1359818779e0 9.6039305372e-1
           300.0000 1.1032977149e0 9.8884379979e-1
  /
  47.45951221 85.7167 1.1690435280e0 9.2038007943e-1
           95.7167 1.1661245694e0 9.2268390821e-1
           110.7167 1.1617597914e0 9.2615046861e-1
           135.7167 1.1545214361e0 9.3195703566e-1
           185.7167 1.1401797405e0 9.4367961207e-1
           300.0000 1.1080648148e0 9.7103017874e-1
  /
  49.12403619 88.2083 1.1733795886e0 9.0452217265e-1
           98.2083 1.1704498034e0 9.0678630707e-1
           113.2083 1.1660688361e0 9.1019313954e-1
           138.2083 1.1588036333e0 9.1589966097e-1
           188.2083 1.1444087434e0 9.2742026047e-1
           300.0000 1.1128677093e0 9.5370532006e-1
  /
  50.78856018 90.7000 1.1777479345e0 8.8908933735e-1
           100.7000 1.1748072420e0 8.9131484141e-1
           115.7000 1.1704099649e0 8.9466354697e-1
           140.7000 1.1631177146e0 9.0027270450e-1
           190.7000 1.1486692343e0 9.1159674108e-1
           300.0000 1.1177067983e0 9.3684956753e-1
  /
  52.45308416 93.1917 1.1821489274e0 8.7406470849e-1
           103.1917 1.1791972463e0 8.7625260399e-1
           118.1917 1.1747835375e0 8.7954472012e-1
           143.1917 1.1674640376e0 8.8505908907e-1
           193.1917 1.1529615664e0 8.9619176193e-1
           300.0000 1.1225824879e0 9.2044430476e-1
  /
  53.48531757 94.7368 1.1848947087e0 8.6494539170e-1
           104.7368 1.1819361716e0 8.6711046038e-1
           119.7368 1.1775122111e0 8.7036822911e-1
           144.7368 1.1701757102e0 8.7582506539e-1
           194.7368 1.1556395541e0 8.8684158853e-1
           300.0000 1.1256246520e0 9.1048931467e-1
  /
  54.13965876 95.6833 1.1865984594e0 8.5979190450e-1
           105.6833 1.1836356683e0 8.6194407335e-1
           120.6833 1.1792053466e0 8.6518243176e-1
           145.6833 1.1718582967e0 8.7060675531e-1
           195.6833 1.1573012391e0 8.8155764019e-1
           300.0000 1.1275099418e0 9.0485033572e-1
  /
  55.86223165 98.1750 1.1911071505e0 8.4644575262e-1
           108.1750 1.1881331018e0 8.4856451435e-1
           123.1750 1.1836859462e0 8.5175260522e-1
           148.1750 1.1763109799e0 8.5709272951e-1
           198.1750 1.1616986102e0 8.6787362887e-1
           300.0000 1.1324993486e0 8.9025003832e-1
  /
  57.58480454 100.6667 1.1956502354e0 8.3341042316e-1
           110.6667 1.1926648431e0 8.3549655580e-1
           125.6667 1.1882007254e0 8.3863554982e-1
           150.6667 1.1807976297e0 8.4389343578e-1
           200.6667 1.1661295259e0 8.5450830847e-1
           300.0000 1.1375272574e0 8.7599427807e-1
  /
  59.30737743 103.1583 1.2002281092e0 8.2067518284e-1
           113.1583 1.1972312865e0 8.2272943754e-1
           128.1583 1.1927500767e0 8.2582046499e-1
           153.1583 1.1853186362e0 8.3099800586e-1
           203.1583 1.1705943716e0 8.4145067400e-1
           300.0000 1.1425941108e0 8.6207115342e-1
  /
  61.02995032 105.6500 1.2048411730e0 8.0822978696e-1
           115.6500 1.2018328321e0 8.1025288925e-1
           130.6500 1.1973343988e0 8.1329704181e-1
           155.6500 1.1898743956e0 8.1839606617e-1
           205.6500 1.1750935384e0 8.2869022143e-1
           300.0000 1.1477003580e0 8.4846930456e-1
  /
  62.75252321 108.1417 1.2094898341e0 7.9606445190e-1
           118.1417 1.2064698861e0 7.9805710281e-1
           133.1417 1.2019540964e0 8.0105543530e-1
           158.1417 1.1944653101e0 8.0607771003e-1
           208.1417 1.1796274237e0 8.1621691945e-1
           300.0000 1.1528464553e0 8.3517788294e-1
  /
  64.40111128 110.5263 1.2139725530e0 7.8467526302e-1
           120.5263 1.2109414121e0 7.8663940533e-1
           135.5263 1.2064088856e0 7.8959484108e-1
           160.5263 1.1988923437e0 7.9454526279e-1
           210.5263 1.1839994639e0 8.0453941187e-1
           300.0000 1.1578092739e0 8.2273847149e-1
  /
  64.47729973 110.6333 1.2141747337e0 7.8420379476e-1
           120.6333 1.2111430880e0 7.8616675693e-1
           135.6333 1.2066098066e0 7.8912041692e-1
           160.6333 1.1990920129e0 7.9406786419e-1
           210.6333 1.1841966527e0 8.0405600834e-1
           300.0000 1.1580330830e0 8.2222213480e-1
  /
  66.25117920 113.1250 1.2189011750e0 7.7334133181e-1
           123.1250 1.2158577280e0 7.7527710385e-1
           138.1250 1.2113067998e0 7.7818985097e-1
           163.1250 1.2037597414e0 7.8306876828e-1
           213.1250 1.1888063978e0 7.9291856083e-1
           300.0000 1.1632653724e0 8.1032813356e-1
  /
  68.02505867 115.6167 1.2236645575e0 7.6269423937e-1
           125.6167 1.2206092169e0 7.6460336037e-1
           140.6167 1.2160405040e0 7.6747600582e-1
           165.6167 1.2084639523e0 7.7228775190e-1
           215.6167 1.1934521720e0 7.8200193596e-1
           300.0000 1.1685390097e0 7.9867415737e-1
  /
  69.79893814 118.1083 1.2284653161e0 7.5225617507e-1
           128.1083 1.2253979886e0 7.5413916827e-1
           143.1083 1.2208113514e0 7.5697249932e-1
           168.1083 1.2132050748e0 7.6171839291e-1
           218.1083 1.1981343994e0 7.7129963081e-1
           300.0000 1.1738544821e0 7.8725313402e-1
  /
  71.57281760 120.6000 1.2333038923e0 7.4202104316e-1
           130.6000 1.2302244834e0 7.4387841651e-1
           145.6000 1.2256197808e0 7.4667319752e-1
           170.6000 1.2179835453e0 7.5135451889e-1
           220.6000 1.2028535107e0 7.6080539530e-1
           300.0000 1.1792122839e0 7.7605826631e-1
  /
  73.34669707 123.0917 1.2381807348e0 7.3198298262e-1
           133.0917 1.2350891490e0 7.3381522943e-1
           148.0917 1.2304662381e0 7.3657220263e-1
           173.0917 1.2227998066e0 7.4119019510e-1
           223.0917 1.2076099435e0 7.5051322005e-1
           300.0000 1.1846129178e0 7.6508301879e-1
  /
  75.12057654 125.5833 1.2430962993e0 7.2213635599e-1
           135.5833 1.2399924400e0 7.2394395544e-1
           150.5833 1.2353511761e0 7.2666384187e-1
           175.5833 1.2276543090e0 7.3121971315e-1
           225.5833 1.2124041423e0 7.4041732488e-1
           300.0000 1.1900568941e0 7.5432110529e-1
  /
  75.64203028 126.3158 1.2445487217e0 7.1927743296e-1
           136.3158 1.2414412358e0 7.2107787616e-1
           151.3158 1.2367945492e0 7.2378699462e-1
           176.3158 1.2290886892e0 7.2832482930e-1
           226.3158 1.2138207043e0 7.3748602787e-1
           300.0000 1.1916655364e0 7.5119719616e-1
  /
  76.93452760 128.0750 1.2480246721e0 7.1304548793e-1
           138.0750 1.2449081255e0 7.1547691493e-1
           153.0750 1.2402487897e0 7.1914800252e-1
           178.0750 1.2325213077e0 7.2548353390e-1
           228.0750 1.2172107388e0 7.3858522967e-1
           300.0000 1.1955194643e0 7.5610482346e-1
  /
  78.76516266 130.5667 1.2529812091e0 7.0434353965e-1
           140.5667 1.2498517385e0 7.0763907015e-1
           155.5667 1.2451743689e0 7.1263494802e-1
           180.5667 1.2374160541e0 7.2147011703e-1
           230.5667 1.2220447630e0 7.4015831746e-1
           300.0000 1.2010153761e0 7.6322595734e-1
  /
  80.59579772 133.0583 1.2579772729e0 6.9578452732e-1
           143.0583 1.2548347710e0 6.9991061211e-1
           158.0583 1.2501392274e0 7.0618826229e-1
           183.0583 1.2423498328e0 7.1746938415e-1
           233.0583 1.2269173360e0 7.4175074566e-1
           300.0000 1.2065555839e0 7.7055430271e-1
  /
  82.42643278 135.5500 1.2630133383e0 6.8736495787e-1
           145.5500 1.2598576962e0 6.9228926673e-1
           160.5500 1.2551438370e0 6.9980693602e-1
           185.5500 1.2473231126e0 7.1348127522e-1
           235.5500 1.2318289207e0 7.4336287315e-1
           300.0000 1.2121406201e0 7.7809884788e-1
  /
  84.25706784 138.0417 1.2680898875e0 6.7908145115e-1
           148.0417 1.2649209951e0 6.8477282253e-1
           163.0417 1.2601886770e0 6.9348998024e-1
           188.0417 1.2523363697e0 7.0950573060e-1
           238.0417 1.2367799874e0 7.4499506776e-1
           300.0000 1.2177710254e0 7.8586910886e-1
  /
  86.08770290 140.5333 1.2732074107e0 6.7093073537e-1
           150.5333 1.2700251564e0 6.7735912852e-1
           165.5333 1.2652742344e0 6.8723642585e-1
           190.5333 1.2573900881e0 7.0554269099e-1
           240.5333 1.2417710142e0 7.4664770649e-1
           300.0000 1.2234473495e0 7.9387516869e-1
  /
  87.91833796 143.0250 1.2783664060e0 6.6290964281e-1
           153.0250 1.2751706769e0 6.7004609210e-1
           168.0250 1.2704010042e0 6.8104532312e-1
           193.0250 1.2624847596e0 7.0159209750e-1
           243.0250 1.2468024868e0 7.4832117589e-1
           300.0000 1.2291701508e0 8.0212772028e-1
  /
  89.74897302 145.5167 1.2835673796e0 6.5501510571e-1
           155.5167 1.2803580613e0 6.6283167711e-1
           170.5167 1.2755694894e0 6.7491574117e-1
           195.5167 1.2676208841e0 6.9765389157e-1
           245.5167 1.2518748989e0 7.5001587230e-1
           300.0000 1.2349399969e0 8.1063811326e-1
  /
  91.57960808 148.0083 1.2888108459e0 6.4724415237e-1
           158.0083 1.2855878226e0 6.5571390193e-1
           173.0083 1.2807802012e0 6.6884676754e-1
           198.0083 1.2727989696e0 6.9372801503e-1
           248.0083 1.2569887521e0 7.5173220216e-1
           300.0000 1.2407574646e0 8.1941840515e-1
  /
  93.04289163 150.0000 1.2930330200e0 6.4111952534e-1
           160.0000 1.2897989575e0 6.5009264345e-1
           175.0000 1.2849760000e0 6.6403863262e-1
           200.0000 1.2769684960e0 6.9059876746e-1
           250.0000 1.2611065575e0 7.5311995469e-1
           300.0000 1.2454421867e0 8.2663943448e-1
  /
  93.41024315 150.5000 1.2940973277e0 6.3959390338e-1
           160.5000 1.2908606033e0 6.4854566885e-1
           175.5000 1.2860336760e0 6.6245847185e-1
           200.5000 1.2780195809e0 6.8895540361e-1
           250.5000 1.2621445864e0 7.5132781406e-1
           300.0000 1.2466228428e0 8.2388552279e-1
  /
  95.24087821 152.9917 1.2994273567e0 6.3206156810e-1
           162.9917 1.2961773011e0 6.4090791091e-1
           177.9917 1.2913304930e0 6.5465686635e-1
           202.9917 1.2832833901e0 6.8084175046e-1
           252.9917 1.2673430108e0 7.4247961684e-1
           300.0000 1.2525361224e0 8.1032716077e-1
  /
  97.07151327 155.4833 1.3048014731e0 6.2464444128e-1
           165.4833 1.3015379761e0 6.3338697387e-1
           180.4833 1.2966711228e0 6.4697458784e-1
           205.4833 1.2885907390e0 6.7285219713e-1
           255.4833 1.2725844342e0 7.3376675443e-1
           300.0000 1.2584992874e0 7.9703893643e-1
  /
  98.90214833 157.9750 1.3102202262e0 6.1733989977e-1
           167.9750 1.3069431761e0 6.2598019790e-1
           182.9750 1.3020561111e0 6.3940891940e-1
           207.9750 1.2939421700e0 6.6498391803e-1
           257.9750 1.2778693921e0 7.2518614543e-1
           300.0000 1.2645129613e0 7.8401393625e-1
  /
  100.73278339 160.4667 1.3156841745e0 6.1014539947e-1
           170.4667 1.3123934582e0 6.1868500326e-1
           185.4667 1.3074860129e0 6.3195722599e-1
           210.4667 1.2993382346e0 6.5723417270e-1
           260.4667 1.2831984292e0 7.1673480129e-1
           300.0000 1.2705777776e0 7.7124546727e-1
  /
  102.56341845 162.9583 1.3211938856e0 6.0305847234e-1
           172.9583 1.3178893888e0 6.1149888740e-1
           187.9583 1.3129613925e0 6.2461695134e-1
           212.9583 1.3047794936e0 6.4960030266e-1
           262.9583 1.2885720993e0 7.0840982283e-1
           300.0000 1.2766943808e0 7.5872704869e-1
  /
  104.39405351 165.4500 1.3267499370e0 5.9607672362e-1
           175.4500 1.3234315437e0 6.0441942202e-1
           190.4500 1.3184828236e0 6.1738561507e-1
           215.4500 1.3102665171e0 6.4207972830e-1
           265.4500 1.2939909654e0 7.0020839693e-1
           300.0000 1.2828634262e0 7.4645240372e-1
  /
  106.22468857 167.9417 1.3323529158e0 5.8919782909e-1
           177.9417 1.3290205086e0 5.9744425039e-1
           192.9417 1.3240508896e0 6.1026080989e-1
           217.9417 1.3157998850e0 6.3466994605e-1
           267.9417 1.2994556003e0 6.9212779334e-1
           300.0000 1.2890828405e0 7.3438375652e-1
  /
  108.05532364 170.4333 1.3380034190e0 5.8241953253e-1
           180.4333 1.3346568791e0 5.9057108469e-1
           195.4333 1.3296661840e0 6.0324019891e-1
           220.4333 1.3213801869e0 6.2736852553e-1
           270.4333 1.3049665861e0 6.8416536169e-1
           300.0000 1.2953555763e0 7.2254329868e-1
  /
  109.88595870 172.9250 1.3437020539e0 5.7573964320e-1
           182.9250 1.3403412608e0 5.8379770354e-1
           197.9250 1.3353293100e0 5.9632151308e-1
           222.9250 1.3270080224e0 6.2017310697e-1
           272.9250 1.3105245151e0 6.7631852854e-1
           300.0000 1.3016827519e0 7.1093037114e-1
  /
  110.44375297 173.6842 1.3454480884e0 5.7372351573e-1
           183.6842 1.3420829283e0 5.8175335831e-1
           198.6842 1.3370644649e0 5.9423331193e-1
           223.6842 1.3287323644e0 6.1800138221e-1
           273.6842 1.3122274381e0 6.7395019351e-1
           300.0000 1.3036215692e0 7.0743628248e-1
  /
  111.71659376 175.4167 1.3494494380e0 5.6915603356e-1
           185.4167 1.3460742699e0 5.7712194959e-1
           200.4167 1.3410408816e0 5.8950254879e-1
           225.4167 1.3326840016e0 6.1308139859e-1
           275.4167 1.3161299897e0 6.6858479465e-1
           300.0000 1.3080650677e0 6.9953938854e-1
  /
  113.54722882 177.9083 1.3552461996e0 5.6266663690e-1
           187.9083 1.3518565329e0 5.7054172725e-1
           202.9083 1.3468015230e0 5.8278116548e-1
           227.9083 1.3384087447e0 6.0609117422e-1
           277.9083 1.3217836227e0 6.6096173231e-1
           300.0000 1.3145032363e0 6.8836493600e-1
  /
  115.37786388 180.4000 1.3610929777e0 5.5626944530e-1
           190.4000 1.3576886875e0 5.6405500046e-1
           205.4000 1.3526118693e0 5.7615528341e-1
           230.4000 1.3441828831e0 5.9920027095e-1
           280.4000 1.3274860372e0 6.5344698278e-1
           300.0000 1.3209979824e0 6.7740176280e-1
  /
  117.20849894 182.8917 1.3669904226e0 5.4996250745e-1
           192.8917 1.3635713820e0 5.5765979062e-1
           207.8917 1.3584725666e0 5.6962288154e-1
           232.8917 1.3500070586e0 5.9240658688e-1
           282.8917 1.3332378674e0 6.4603825389e-1
           300.0000 1.3275483231e0 6.6663537679e-1
  /
  119.03913400 185.3833 1.3729391957e0 5.4374392674e-1
           195.3833 1.3695052763e0 5.5135417457e-1
           210.3833 1.3643842723e0 5.6318199546e-1
           235.3833 1.3558819247e0 5.8570807904e-1
           285.3833 1.3390397585e0 6.3873331771e-1
           300.0000 1.3341551559e0 6.5606234523e-1
  /
  120.86976906 187.8750 1.3789399699e0 5.3761185933e-1
           197.8750 1.3754910418e0 5.4513628265e-1
           212.8750 1.3703476551e0 5.5683071540e-1
           237.8750 1.3618081458e0 5.7910276126e-1
           287.8750 1.3448923668e0 6.3153000827e-1
           300.0000 1.3408207801e0 6.4568646609e-1
  /
  122.04432721 189.4737 1.3828178440e0 5.3372217673e-1
           199.4737 1.3793592167e0 5.4119216000e-1
           214.4737 1.3742013657e0 5.5280198220e-1
           239.4737 1.3656378416e0 5.7491288729e-1
           289.4737 1.3486744917e0 6.2696081723e-1
           300.0000 1.3451288485e0 6.3913082778e-1
  /
  122.70040413 190.3667 1.3849934302e0 5.3156451232e-1
           200.3667 1.3815293615e0 5.3900429689e-1
           215.3667 1.3763633957e0 5.5056718437e-1
           240.3667 1.3677863985e0 5.7258870230e-1
           290.3667 1.3507963602e0 6.2442621946e-1
           300.0000 1.3475459720e0 6.3550306388e-1
  /
  124.53103919 192.8583 1.3911002735e0 5.2560014201e-1
           202.8583 1.3876209307e0 5.3295644917e-1
           217.8583 1.3824321866e0 5.4438959634e-1
           242.8583 1.3738173709e0 5.6616402387e-1
           292.8583 1.3567524186e0 6.1741990298e-1
           300.0000 1.3543315213e0 6.2550760062e-1
  /
  126.36167425 195.3500 1.3972612090e0 5.1971705224e-1
           205.3500 1.3937664568e0 5.2699101958e-1
           220.3500 1.3885547327e0 5.3829619451e-1
           245.3500 1.3799017635e0 5.5982689891e-1
           295.3500 1.3627612336e0 6.1050906634e-1
           300.0000 1.3611782322e0 6.1569567101e-1
  /
  128.19230931 197.8417 1.4034769587e0 5.1391359275e-1
           207.8417 1.3999666600e0 5.2110633479e-1
           222.8417 1.3947317514e0 5.3228526963e-1
           247.8417 1.3860402893e0 5.5357554980e-1
           297.8417 1.3688235092e0 6.0369177101e-1
           300.0000 1.3680862837e0 6.0606299352e-1
  /
  130.02294437 200.3333 1.4097482573e0 5.0818815766e-1
           210.3333 1.4062222731e0 5.1530076642e-1
           225.3333 1.4009639729e0 5.2635515841e-1
           250.3333 1.3922336738e0 5.4740824673e-1
           300.3333 1.3749399623e0 5.9696613055e-1
  /
  131.85357943 202.8250 1.4160758528e0 5.0253918398e-1
           212.8250 1.4125340424e0 5.0957272963e-1
           227.8250 1.4072521405e0 5.2050424200e-1
           252.8250 1.3984826559e0 5.4132330608e-1
           302.8250 1.3811113223e0 5.9033030894e-1
  /
  133.64490144 205.2632 1.4223227908e0 4.9708407603e-1
           215.2632 1.4187653559e0 5.0404127191e-1
           230.2632 1.4134601532e0 5.1485412173e-1
           255.2632 1.4046519825e0 5.3544719301e-1
           305.2632 1.3872040162e0 5.8392222046e-1
  /
  133.68421449 205.3167 1.4224605067e0 4.9696515020e-1
           215.3167 1.4189027273e0 5.0392068159e-1
           230.3167 1.4135970109e0 5.1473094447e-1
           255.3167 1.4047879874e0 5.3531908892e-1
           305.3167 1.3873383318e0 5.8378251886e-1
  /
  135.51484955 207.8083 1.4289029942e0 4.9146457489e-1
           217.8083 1.4253291013e0 4.9834312016e-1
           232.8083 1.4199993547e0 5.0903373146e-1
           257.8083 1.4111504341e0 5.2939399949e-1
           307.8083 1.3936217469e0 5.7732102009e-1
  /
  137.34548462 210.3000 1.4354041048e0 4.8603601545e-1
           220.3000 1.4318139517e0 4.9283858252e-1
           235.3000 1.4264599562e0 5.0341110876e-1
           260.3000 1.4175707755e0 5.2354648383e-1
           310.3000 1.3999623377e0 5.7094411800e-1
  /
  139.17611968 212.7917 1.4419646423e0 4.8067806677e-1
           222.7917 1.4383580803e0 4.8740564391e-1
           237.7917 1.4329796143e0 4.9786162107e-1
           262.7917 1.4240498055e0 5.1777502841e-1
           312.7917 1.4063608880e0 5.6465016202e-1
  /
  141.00675474 215.2833 1.4485854252e0 4.7538936007e-1
           225.2833 1.4449623037e0 4.8204291639e-1
           240.2833 1.4395591425e0 4.9238385066e-1
           265.2833 1.4305883324e0 5.1207815882e-1
           315.2833 1.4128181962e0 5.5843754426e-1
  /
  142.83738980 217.7750 1.4552672873e0 4.7016856172e-1
           227.7750 1.4516274534e0 4.7674904768e-1
           242.7750 1.4461993691e0 4.8697641623e-1
           267.7750 1.4371871796e0 5.0645443850e-1
           317.7750 1.4193350754e0 5.5230469811e-1
  /
  144.66802486 220.2667 1.4620110775e0 4.6501437213e-1
           230.2667 1.4583543765e0 4.7152271998e-1
           245.2667 1.4529011382e0 4.8163797173e-1
           270.2667 1.4438471856e0 5.0090246756e-1
           320.2667 1.4259123538e0 5.4625009694e-1
  /
  145.24547567 221.0526 1.4641513076e0 4.6340216340e-1
           231.0526 1.4604892536e0 4.6988794675e-1
           246.0526 1.4550280323e0 4.7996812884e-1
           271.0526 1.4459608257e0 4.9916583450e-1
           321.0526 1.4279997392e0 5.4435624327e-1
  /
  146.49865992 222.7583 1.4688176610e0 4.5992552466e-1
           232.7583 1.4651439357e0 4.6636264892e-1
           247.7583 1.4596653091e0 4.7636720522e-1
           272.7583 1.4505692047e0 4.9542088159e-1
           322.7583 1.4325508750e0 5.4027225283e-1
  /
  148.32929498 225.2500 1.4756879188e0 4.5490078456e-1
           235.2500 1.4719970100e0 4.6126758249e-1
           250.2500 1.4664927576e0 4.7116283785e-1
           275.2500 1.4573541070e0 4.9000835057e-1
           325.2500 1.4392514982e0 5.3436971534e-1
  /
  150.15993004 227.7417 1.4826227486e0 4.4993894803e-1
           237.7417 1.4789144948e0 4.5623630002e-1
           252.7417 1.4733843758e0 4.6602362274e-1
           277.7417 1.4642027791e0 4.8466357778e-1
           327.7417 1.4460150992e0 5.2854107036e-1
  /
  151.99056511 230.2333 1.4896230650e0 4.4503884119e-1
           240.2333 1.4858973024e0 4.5126761122e-1
           255.2333 1.4803410726e0 4.6094834408e-1
           280.2333 1.4711161243e0 4.7938529876e-1
           330.2333 1.4528425698e0 5.2278493894e-1
  /
  153.82120017 232.7250 1.4966898001e0 4.4019931921e-1
           242.7250 1.4929463626e0 4.4636035522e-1
           257.7250 1.4873637741e0 4.5593581611e-1
           282.7250 1.4780950629e0 4.7417228031e-1
           332.7250 1.4597348192e0 5.1709997626e-1
  /
  155.65183523 235.2167 1.5038239037e0 4.3541926538e-1
           245.2167 1.5000626227e0 4.4151339969e-1
           260.2167 1.4944534244e0 4.5098488218e-1
           285.2167 1.4851405330e0 4.6902331954e-1
           335.2167 1.4666927735e0 5.1148487053e-1
  /
  156.84604990 236.8421 1.5085146047e0 4.3233252802e-1
           246.8421 1.5047415916e0 4.3838346031e-1
           261.8421 1.4991148972e0 4.4778779837e-1
           286.8421 1.4897729572e0 4.6569835917e-1
           336.8421 1.4712676558e0 5.0785889533e-1
  /
  157.48247029 237.7083 1.5110263436e0 4.3069759029e-1
           247.7083 1.5072470483e0 4.3672563996e-1
           262.7083 1.5016109851e0 4.4609441395e-1
           287.7083 1.4922534905e0 4.6393724297e-1
           337.7083 1.4737173770e0 5.0593834201e-1
  /
  159.31310535 240.2000 1.5182981065e0 4.2603323095e-1
           250.2000 1.5145006235e0 4.3199599818e-1
           265.2000 1.5088374370e0 4.4126331042e-1
           290.2000 1.4994349097e0 4.5891290556e-1
           340.2000 1.4808095918e0 5.0045914202e-1
  /
  161.14374041 242.6917 1.5256401981e0 4.2142515004e-1
           252.6917 1.5218243515e0 4.2732342250e-1
           267.6917 1.5161337793e0 4.3649049720e-1
           292.6917 1.5066857838e0 4.5394918995e-1
           342.6917 1.4879703988e0 4.9504605203e-1
  /
  162.97437547 245.1833 1.5330536436e0 4.1687233510e-1
           255.1833 1.5292192549e0 4.2270688631e-1
           270.1833 1.5235010309e0 4.3177492564e-1
           295.1833 1.5140071254e0 4.4904500554e-1
           345.1833 1.4952007978e0 4.8969788271e-1
  /
  164.80501053 247.6750 1.5405394883e0 4.1237379785e-1
           257.6750 1.5366863764e0 4.1814538746e-1
           272.6750 1.5309402305e0 4.2711557211e-1
           297.6750 1.5213999666e0 4.4419928776e-1
           347.6750 1.5025018085e0 4.8441347311e-1
  /
  166.63564560 250.1667 1.5480987979e0 4.0792857340e-1
           260.1667 1.5442267791e0 4.1363794759e-1
           275.1667 1.5384524373e0 4.2251143723e-1
           300.1667 1.5288653600e0 4.3941099727e-1
           350.1667 1.5098744701e0 4.7919168981e-1
  /
  168.44662413 252.6316 1.5556502905e0 4.0358261320e-1
           262.6316 1.5517593843e0 4.0923116126e-1
           277.6316 1.5459568757e0 4.1801011515e-1
           302.6316 1.5363230336e0 4.3472963187e-1
           352.6316 1.5172395077e0 4.7408651171e-1
  /
  168.46628066 252.6583 1.5557326593e0 4.0353571961e-1
           262.6583 1.5518415470e0 4.0918361135e-1
           277.6583 1.5460387312e0 4.1796154519e-1
           302.6583 1.5364043790e0 4.3467911922e-1
           352.6583 1.5173198427e0 4.7403142605e-1
  /
  170.29691572 255.1500 1.5634421807e0 3.9919431640e-1
           265.1500 1.5595317858e0 4.0478144580e-1
           280.1500 1.5537002138e0 4.1346494302e-1
           305.1500 1.5440181180e0 4.3000266251e-1
           355.1500 1.5248390072e0 4.6893160105e-1
  /
  172.12755078 257.6417 1.5712284926e0 3.9490346513e-1
           267.6417 1.5672986230e0 4.0043053971e-1
           282.6417 1.5614380084e0 4.0902069994e-1
           307.6417 1.5517076935e0 4.2538065915e-1
           357.6417 1.5324330661e0 4.6389115915e-1
  /
  173.95818584 260.1333 1.5790927480e0 3.9066228795e-1
           270.1333 1.5751432088e0 3.9613000296e-1
           285.1333 1.5692532609e0 4.0462790674e-1
           310.1333 1.5594742441e0 4.2081216355e-1
           360.1333 1.5401031441e0 4.5890906917e-1
  /
  175.78882090 262.6250 1.5870361232e0 3.8646992724e-1
           272.6250 1.5830667165e0 3.9187896590e-1
           287.6250 1.5771471401e0 4.0028567512e-1
           312.6250 1.5673189315e0 4.1629625189e-1
           362.6250 1.5478503883e0 4.5398432365e-1
  /
  177.61945596 265.1167 1.5950598182e0 3.8232554499e-1
           275.1167 1.5910703430e0 3.8767657882e-1
           290.1167 1.5851208386e0 3.9599313712e-1
           315.1167 1.5752429409e0 4.1183202149e-1
           365.1167 1.5556759691e0 4.4911593819e-1
  /
  179.45009102 267.6083 1.6031650574e0 3.7822832227e-1
           277.6083 1.5991553099e0 3.8352201131e-1
           292.6083 1.5931755733e0 3.9174944454e-1
           317.6083 1.5832474814e0 4.0741859021e-1
           367.6083 1.5635810807e0 4.4430295080e-1
  /
  180.04719836 268.4211 1.6058266290e0 3.7690197581e-1
           278.4211 1.6018102245e0 3.8217710129e-1
           293.4211 1.5958205604e0 3.9037568309e-1
           318.4211 1.5858759858e0 4.0598988123e-1
           368.4211 1.5661769351e0 4.4274489814e-1
  /
  181.28072608 270.1000 1.6113530904e0 3.7417745868e-1
           280.1000 1.6073228634e0 3.7941445177e-1
           295.1000 1.6013125858e0 3.8755376836e-1
           320.1000 1.5913337869e0 4.0305509590e-1
           370.1000 1.5715669418e0 4.3954442125e-1
  /
  183.11136115 272.5917 1.6196251920e0 3.7017217183e-1
           282.5917 1.6155742753e0 3.7535310687e-1
           297.5917 1.6095331432e0 3.8340529823e-1
           322.5917 1.5995031168e0 3.9874069578e-1
           372.5917 1.5796347958e0 4.3483943048e-1
  /
  184.94199621 275.0833 1.6279826639e0 3.6621169684e-1
           285.0833 1.6239108440e0 3.7133720102e-1
           300.0833 1.6178385388e0 3.7930324192e-1
           325.0833 1.6077567562e0 3.9447456593e-1
           375.0833 1.5877859122e0 4.3018707999e-1
  /
  186.77263127 277.5750 1.6364268344e0 3.6229528586e-1
           287.5750 1.6323338944e0 3.6736597589e-1
           302.5750 1.6262300928e0 3.7524682484e-1
           327.5750 1.6160960171e0 3.9025590078e-1
           377.5750 1.5960215864e0 4.2558649126e-1
  /
  188.60326633 280.0667 1.6449590597e0 3.5842220756e-1
           290.0667 1.6408447793e0 3.6343868994e-1
           305.0667 1.6347091529e0 3.7123528952e-1
           330.0667 1.6245222387e0 3.8608391257e-1
           380.0667 1.6043431413e0 4.2103680522e-1
  /
  190.43390139 282.5583 1.6535807242e0 3.5459174674e-1
           292.5583 1.6494448798e0 3.5955461793e-1
           307.5583 1.6432770949e0 3.6726789520e-1
           332.5583 1.6330367885e0 3.8195783090e-1
           382.5583 1.6127519271e0 4.1653718173e-1
  /
  191.64777259 284.2105 1.6593476484e0 3.5207497175e-1
           294.2105 1.6551973801e0 3.5700261812e-1
           309.2105 1.6490080848e0 3.6466114910e-1
           334.2105 1.6387320649e0 3.7924682049e-1
           384.2105 1.6183764593e0 4.1358073852e-1
  /
  192.26453645 285.0500 1.6622932417e0 3.5080320382e-1
           295.0500 1.6581356061e0 3.5571305051e-1
           310.0500 1.6519353239e0 3.6334391728e-1
           335.0500 1.6416410625e0 3.7787690221e-1
           385.0500 1.6212493226e0 4.1208679899e-1
  /
  194.09517151 287.5417 1.6710980560e0 3.4705589448e-1
           297.5417 1.6669183982e0 3.5191329377e-1
           312.5417 1.6606852744e0 3.5946264698e-1
           337.5417 1.6503364865e0 3.7384038934e-1
           387.5417 1.6298367359e0 4.0768485312e-1
  /
  195.92580657 290.0333 1.6799966414e0 3.4334914918e-1
           300.0333 1.6757947270e0 3.4815466882e-1
           315.0333 1.6695284119e0 3.5562339084e-1
           340.0333 1.6591245167e0 3.6984757110e-1
           390.0333 1.6385156051e0 4.0333055765e-1
  /
  197.75644164 292.5250 1.6889905039e0 3.3968231284e-1
           302.5250 1.6847660946e0 3.4443651138e-1
           317.5250 1.6784662327e0 3.5182547033e-1
           342.5250 1.6680066404e0 3.6589774184e-1
           392.5250 1.6472873989e0 3.9902314302e-1
  /
  199.58707670 295.0167 1.6980811821e0 3.3605474436e-1
           305.0167 1.6938340356e0 3.4075817140e-1
           320.0167 1.6875002660e0 3.4806822147e-1
           345.0167 1.6769843768e0 3.6199021100e-1
           395.0167 1.6561536178e0 3.9476185616e-1
  /
  201.41771176 297.5083 1.7072702476e0 3.3246581635e-1
           307.5083 1.7030001179e0 3.3711901270e-1
           322.5083 1.6966320734e0 3.4435099440e-1
           347.5083 1.6860592781e0 3.5812430275e-1
           397.5083 1.6651157948e0 3.9054596007e-1
  /
  203.24834682 300.0000 1.7165593063e0 3.2891491467e-1
           310.0000 1.7122659434e0 3.3351841255e-1
           325.0000 1.7058632511e0 3.4067315306e-1
           350.0000 1.6952329305e0 3.5429935557e-1
           400.0000 1.6741754961e0 3.8637473332e-1
  /
/
PVDG
  1.0000 1.2397678969e0 1.2539453751e-2
  3.4917 3.4794984888e-1 1.2668078987e-2
  5.9833 2.0237375528e-1 1.2689326100e-2
  8.4750 1.4267926264e-1 1.2698059246e-2
  10.9667 1.1017946054e-1 1.2702818937e-2
  13.4583 8.9738600965e-2 1.2705814389e-2
  15.7895 7.6466277925e-2 1.2707760103e-2
  15.9500 7.5656670394e-2 1.2713548178e-2
  18.4417 6.4978053852e-2 1.2790388530e-2
  20.9333 5.6941065208e-2 1.2848835865e-2
  23.4250 5.0673388318e-2 1.2894788291e-2
  25.9167 4.5648696886e-2 1.2931865637e-2
  28.4083 4.1530590531e-2 1.2962412628e-2
  30.9000 3.8094014789e-2 1.2988014892e-2
  31.5789 3.7254018993e-2 1.2994288195e-2
  33.3917 3.5086834190e-2 1.3054722544e-2
  35.8833 3.2488960591e-2 1.3127912095e-2
  38.3750 3.0249266616e-2 1.3191672633e-2
  40.8667 2.8298453921e-2 1.3247715998e-2
  43.3583 2.6584017674e-2 1.3297363300e-2
  45.8500 2.5065450044e-2 1.3341650374e-2
  47.3684 2.4222250643e-2 1.3366368813e-2
  48.3417 2.3688970309e-2 1.3402618425e-2
  50.8333 2.2424988590e-2 1.3489327679e-2
  53.3250 2.1289059840e-2 1.3568215293e-2
  55.8167 2.0262662828e-2 1.3640293925e-2
  58.3083 1.9330683855e-2 1.3706408653e-2
  60.8000 1.8480667560e-2 1.3767270267e-2
  63.1579 1.7742378646e-2 1.3820572441e-2
  63.2917 1.7700777088e-2 1.3826154225e-2
  65.7833 1.6960063714e-2 1.3926297837e-2
  68.2750 1.6278852721e-2 1.4019685951e-2
  70.7667 1.5650251127e-2 1.4106979831e-2
  73.2583 1.5068391041e-2 1.4188757167e-2
  75.7500 1.4528245943e-2 1.4265524870e-2
  78.2417 1.4025485097e-2 1.4337729588e-2
  78.9474 1.3889352689e-2 1.4357406362e-2
  80.7333 1.3547358269e-2 1.4438072316e-2
  83.2250 1.3097433165e-2 1.4545586739e-2
  85.7167 1.2676432617e-2 1.4647649637e-2
  88.2083 1.2281654257e-2 1.4744665388e-2
  90.7000 1.1910722189e-2 1.4836999340e-2
  93.1917 1.1561539129e-2 1.4924982411e-2
  94.7368 1.1355099126e-2 1.4977491297e-2
  95.6833 1.1230266782e-2 1.5024771346e-2
  98.1750 1.0914396144e-2 1.5145750845e-2
  100.6667 1.0615808214e-2 1.5261916023e-2
  103.1583 1.0333122340e-2 1.5373548648e-2
  105.6500 1.0065101116e-2 1.5480908922e-2
  108.1417 9.8106322753e-3 1.5584237504e-2
  110.5263 9.5788582520e-3 1.5679558372e-2
  110.6333 9.5686816022e-3 1.5685377780e-2
  113.1250 9.3377059301e-3 1.5818630249e-2
  115.6167 9.1176183452e-3 1.5947724921e-2
  118.1083 8.9076666865e-3 1.6072853408e-2
  120.6000 8.7071665139e-3 1.6194195725e-2
  123.0917 8.5154936541e-3 1.6311921155e-2
  125.5833 8.3320777105e-3 1.6426189038e-2
  126.3158 8.2796535959e-3 1.6459143963e-2
  128.0750 8.1584308932e-3 1.6565327063e-2
  130.5667 7.9926873019e-3 1.6712744450e-2
  133.0583 7.8335439898e-3 1.6856781762e-2
  135.5500 7.6806143970e-3 1.6997553931e-2
  138.0417 7.5335415720e-3 1.7135170738e-2
  140.5333 7.3919953898e-3 1.7269737096e-2
  143.0250 7.2556700787e-3 1.7401353320e-2
  145.5167 7.1242820148e-3 1.7530115372e-2
  148.0083 6.9975677529e-3 1.7656115099e-2
  150.0000 6.8994771756e-3 1.7754903267e-2
  150.5000 6.8764219324e-3 1.7786807235e-2
  152.9917 6.7637894786e-3 1.7944331521e-2
  155.4833 6.6547872926e-3 1.8099458294e-2
  157.9750 6.5492426467e-3 1.8252241876e-2
  160.4667 6.4469936001e-3 1.8402734961e-2
  162.9583 6.3478881694e-3 1.8550988673e-2
  165.4500 6.2517835751e-3 1.8697052626e-2
  167.9417 6.1585455555e-3 1.8840974980e-2
  170.4333 6.0680477403e-3 1.8982802493e-2
  172.9250 5.9801710798e-3 1.9122580571e-2
  173.6842 5.9538987686e-3 1.9164770334e-2
  175.4167 5.8982707950e-3 1.9275401164e-2
  177.9083 5.8200635098e-3 1.9433114688e-2
  180.4000 5.7439030419e-3 1.9589200930e-2
  182.8917 5.6697100762e-3 1.9743684946e-2
  185.3833 5.5974093434e-3 1.9896591280e-2
  187.8750 5.5269293650e-3 2.0047943978e-2
  189.4737 5.4826357800e-3 2.0144246483e-2
  190.3667 5.4596151884e-3 2.0201798736e-2
  192.8583 5.3963918279e-3 2.0361564435e-2
  195.3500 5.3346159816e-3 2.0520132156e-2
  197.8417 5.2742385002e-3 2.0677515323e-2
  200.3333 5.2152124348e-3 2.0833727161e-2
  202.8250 5.1574929149e-3 2.0988780698e-2
  205.2632 5.1022364406e-3 2.1139395526e-2
  205.3167 5.1011140467e-3 2.1142838801e-2
  207.8083 5.0493904643e-3 2.1302742318e-2
  210.3000 4.9987052723e-3 2.1461799525e-2
  212.7917 4.9490275120e-3 2.1620017121e-2
  215.2833 4.9003274429e-3 2.1777401738e-2
  217.7750 4.8525764838e-3 2.1933959937e-2
  220.2667 4.8057471569e-3 2.2089698209e-2
  221.0526 4.7911623853e-3 2.2138654809e-2
  222.7583 4.7619341197e-3 2.2247152438e-2
  225.2500 4.7198731455e-3 2.2405165671e-2
  227.7417 4.6785486940e-3 2.2562613328e-2
  230.2333 4.6379415873e-3 2.2719498439e-2
  232.7250 4.5980333078e-3 2.2875824015e-2
  235.2167 4.5588059696e-3 2.3031593042e-2
  236.8421 4.5335747564e-3 2.3132910417e-2
  237.7083 4.5211732692e-3 2.3187181933e-2
  240.2000 4.4858762552e-3 2.3343052286e-2
  242.6917 4.4511261028e-3 2.3498568509e-2
  245.1833 4.4169102007e-3 2.3653731810e-2
  247.6750 4.3832163225e-3 2.3808543387e-2
  250.1667 4.3500326122e-3 2.3963004434e-2
  252.6316 4.3176959180e-3 2.4115463212e-2
  252.6583 4.3173721229e-3 2.4117107058e-2
  255.1500 4.2874281001e-3 2.4270101932e-2
  257.6417 4.2578965823e-3 2.4422902359e-2
  260.1333 4.2287691037e-3 2.4575508710e-2
  262.6250 4.2000374288e-3 2.4727921354e-2
  265.1167 4.1716935444e-3 2.4880140659e-2
  267.6083 4.1437296520e-3 2.5032166994e-2
  268.4211 4.1346894373e-3 2.5081712504e-2
  270.1000 4.1174292324e-3 2.5182556963e-2
  272.5917 4.0920779572e-3 2.5332153253e-2
  275.0833 4.0670369505e-3 2.5481673816e-2
  277.5750 4.0423005510e-3 2.5631118711e-2
  280.0667 4.0178632342e-3 2.5780487994e-2
  282.5583 3.9937196086e-3 2.5929781722e-2
  284.2105 3.9778696288e-3 2.6028734894e-2
  285.0500 3.9704120922e-3 2.6077963037e-2
  287.5417 3.9484409142e-3 2.6224086079e-2
  290.0333 3.9267115630e-3 2.6370220398e-2
  292.5250 3.9052200679e-3 2.6516365992e-2
  295.0167 3.8839625447e-3 2.6662522865e-2
  297.5083 3.8629351934e-3 2.6808691018e-2
  300.0000 3.8421342957e-3 2.6954870451e-2
/
SOLUTION
PRESSURE
 2.8000000000e2 2.8000000000e2 2.8000000000e2 2.8000000000e2 2.8000000000e2 2.8000000000e2
 2.8000000000e2 2.8000000000e2 2.8000000000e2 2.8000000000e2 2.8000000000e2 2.8000000000e2
 2.8000000000e2 2.8000000000e2 2.8000000000e2 2.8000000000e2 2.8000000000e2 2.8000000000e2
 2.8000000000e2 2.8000000000e2 2.8000000000e2 2.8000000000e2 2.8000000000e2 2.8000000000e2
 2.8000000000e2 2.8000000000e2 2.8000000000e2 2.8000000000e2 2.8000000000e2 2.8000000000e2
 2.8000000000e2 2.8000000000e2 2.8000000000e2 2.8000000000e2 2.8000000000e2 2.8000000000e2
 2.8000000000e2 2.8000000000e2 2.8000000000e2 2.8000000000e2 2.8000000000e2 2.8000000000e2
 2.8000000000e2 2.8000000000e2 2.8000000000e2 2.8000000000e2 2.8000000000e2 2.8000000000e2
 /
SWAT
 1.0000000000e-1 1.0000000000e-1 1.0000000000e-1 1.0000000000e-1 1.0000000000e-1 1.0000000000e-1
 1.0000000000e-1 1.0000000000e-1 1.0000000000e-1 1.0000000000e-1 1.0000000000e-1 1.0000000000e-1
 1.0000000000e-1 1.0000000000e-1 1.0000000000e-1 1.0000000000e-1 1.0000000000e-1 1.0000000000e-1
 1.0000000000e-1 1.0000000000e-1 1.0000000000e-1 1.0000000000e-1 1.0000000000e-1 1.0000000000e-1
 1.0000000000e-1 1.0000000000e-1 1.0000000000e-1 1.0000000000e-1 1.0000000000e-1 1.0000000000e-1
 1.0000000000e-1 1.0000000000e-1 1.0000000000e-1 1.0000000000e-1 1.0000000000e-1 1.0000000000e-1
 1.0000000000e-1 1.0000000000e-1 1.0000000000e-1 1.0000000000e-1 1.0000000000e-1 1.0000000000e-1
 1.0000000000e-1 1.0000000000e-1 1.0000000000e-1 1.0000000000e-1 1.0000000000e-1 1.0000000000e-1
 /
SGAS
 0.0000000000e0 0.0000000000e0 0.0000000000e0 0.0000000000e0 0.0000000000e0 0.0000000000e0
 0.0000000000e0 0.0000000000e0 0.0000000000e0 0.0000000000e0 0.0000000000e0 0.0000000000e0
 0.0000000000e0 0.0000000000e0 0.0000000000e0 0.0000000000e0 0.0000000000e0 0.0000000000e0
 0.0000000000e0 0.0000000000e0 0.0000000000e0 0.0000000000e0 0.0000000000e0 0.0000000000e0
 0.0000000000e0 0.0000000000e0 0.0000000000e0 0.0000000000e0 0.0000000000e0 0.0000000000e0
 0.0000000000e0 0.0000000000e0 0.0000000000e0 0.0000000000e0 0.0000000000e0 0.0000000000e0
 0.0000000000e0 0.0000000000e0 0.0000000000e0 0.0000000000e0 0.0000000000e0 0.0000000000e0
 0.0000000000e0 0.0000000000e0 0.0000000000e0 0.0000000000e0 0.0000000000e0 0.0000000000e0
 /
RS
 9.3042891629e1 9.3042891629e1 9.3042891629e1 9.3042891629e1 9.3042891629e1 9.3042891629e1
 9.3042891629e1 9.3042891629e1 9.3042891629e1 9.3042891629e1 9.3042891629e1 9.3042891629e1
 9.3042891629e1 9.3042891629e1 9.3042891629e1 9.3042891629e1 9.3042891629e1 9.3042891629e1
 9.3042891629e1 9.3042891629e1 9.3042891629e1 9.3042891629e1 9.3042891629e1 9.3042891629e1
 9.3042891629e1 9.3042891629e1 9.3042891629e1 9.3042891629e1 9.3042891629e1 9.3042891629e1
 9.3042891629e1 9.3042891629e1 9.3042891629e1 9.3042891629e1 9.3042891629e1 9.3042891629e1
 9.3042891629e1 9.3042891629e1 9.3042891629e1 9.3042891629e1 9.3042891629e1 9.3042891629e1
 9.3042891629e1 9.3042891629e1 9.3042891629e1 9.3042891629e1 9.3042891629e1 9.3042891629e1
 /
SUMMARY
FOPR
FWPR
FWIR
FOPT
FWPT
FWIT
FPR
FGPR
FGPT
FGOR
WBHP
/
RUNSUM
SEPARATE
SCHEDULE
RPTRST
  BASIC=2 /
WELSPECS
  'PROD' 'G' 48 1 1* 'OIL' /
/
COMPDAT
  'PROD' 48 1 1 1 'OPEN' 2* 0.2 /
/
WCONPROD
  'PROD' 'OPEN' 'ORAT' 3 4* 1 /
/
TSTEP
  480*0.75 /
END
