-- Generated by src/lib/ressim/src/tests/opm_small_direct.rs; do not edit by hand.
-- Case dep-pvt-petrosky-farshad: dep_pvt scenario saturated-branch variant: Petrosky-Farshad Rs(p) below the same bubble point.
-- Tables are ResSim's own relperm/PVT functions sampled onto dense nodes.
-- Run with: flow CASE.DATA --enable-gravity=false
RUNSPEC
TITLE
  ressim small-direct dep-pvt-petrosky-farshad /
DIMENS
  48 1 1 /
OIL
WATER
GAS
DISGAS
METRIC
TABDIMS
  1 1 250 250 1 250 /
WELLDIMS
  2 1 1 2 /
START
  1 JAN 2026 /
UNIFOUT
GRID
INIT
DX
 1.0000000000e1 1.0000000000e1 1.0000000000e1 1.0000000000e1 1.0000000000e1 1.0000000000e1
 1.0000000000e1 1.0000000000e1 1.0000000000e1 1.0000000000e1 1.0000000000e1 1.0000000000e1
 1.0000000000e1 1.0000000000e1 1.0000000000e1 1.0000000000e1 1.0000000000e1 1.0000000000e1
 1.0000000000e1 1.0000000000e1 1.0000000000e1 1.0000000000e1 1.0000000000e1 1.0000000000e1
 1.0000000000e1 1.0000000000e1 1.0000000000e1 1.0000000000e1 1.0000000000e1 1.0000000000e1
 1.0000000000e1 1.0000000000e1 1.0000000000e1 1.0000000000e1 1.0000000000e1 1.0000000000e1
 1.0000000000e1 1.0000000000e1 1.0000000000e1 1.0000000000e1 1.0000000000e1 1.0000000000e1
 1.0000000000e1 1.0000000000e1 1.0000000000e1 1.0000000000e1 1.0000000000e1 1.0000000000e1
 /
DY
 1.0000000000e1 1.0000000000e1 1.0000000000e1 1.0000000000e1 1.0000000000e1 1.0000000000e1
 1.0000000000e1 1.0000000000e1 1.0000000000e1 1.0000000000e1 1.0000000000e1 1.0000000000e1
 1.0000000000e1 1.0000000000e1 1.0000000000e1 1.0000000000e1 1.0000000000e1 1.0000000000e1
 1.0000000000e1 1.0000000000e1 1.0000000000e1 1.0000000000e1 1.0000000000e1 1.0000000000e1
 1.0000000000e1 1.0000000000e1 1.0000000000e1 1.0000000000e1 1.0000000000e1 1.0000000000e1
 1.0000000000e1 1.0000000000e1 1.0000000000e1 1.0000000000e1 1.0000000000e1 1.0000000000e1
 1.0000000000e1 1.0000000000e1 1.0000000000e1 1.0000000000e1 1.0000000000e1 1.0000000000e1
 1.0000000000e1 1.0000000000e1 1.0000000000e1 1.0000000000e1 1.0000000000e1 1.0000000000e1
 /
DZ
 1.0000000000e1 1.0000000000e1 1.0000000000e1 1.0000000000e1 1.0000000000e1 1.0000000000e1
 1.0000000000e1 1.0000000000e1 1.0000000000e1 1.0000000000e1 1.0000000000e1 1.0000000000e1
 1.0000000000e1 1.0000000000e1 1.0000000000e1 1.0000000000e1 1.0000000000e1 1.0000000000e1
 1.0000000000e1 1.0000000000e1 1.0000000000e1 1.0000000000e1 1.0000000000e1 1.0000000000e1
 1.0000000000e1 1.0000000000e1 1.0000000000e1 1.0000000000e1 1.0000000000e1 1.0000000000e1
 1.0000000000e1 1.0000000000e1 1.0000000000e1 1.0000000000e1 1.0000000000e1 1.0000000000e1
 1.0000000000e1 1.0000000000e1 1.0000000000e1 1.0000000000e1 1.0000000000e1 1.0000000000e1
 1.0000000000e1 1.0000000000e1 1.0000000000e1 1.0000000000e1 1.0000000000e1 1.0000000000e1
 /
TOPS
 1.0000000000e3 1.0000000000e3 1.0000000000e3 1.0000000000e3 1.0000000000e3 1.0000000000e3
 1.0000000000e3 1.0000000000e3 1.0000000000e3 1.0000000000e3 1.0000000000e3 1.0000000000e3
 1.0000000000e3 1.0000000000e3 1.0000000000e3 1.0000000000e3 1.0000000000e3 1.0000000000e3
 1.0000000000e3 1.0000000000e3 1.0000000000e3 1.0000000000e3 1.0000000000e3 1.0000000000e3
 1.0000000000e3 1.0000000000e3 1.0000000000e3 1.0000000000e3 1.0000000000e3 1.0000000000e3
 1.0000000000e3 1.0000000000e3 1.0000000000e3 1.0000000000e3 1.0000000000e3 1.0000000000e3
 1.0000000000e3 1.0000000000e3 1.0000000000e3 1.0000000000e3 1.0000000000e3 1.0000000000e3
 1.0000000000e3 1.0000000000e3 1.0000000000e3 1.0000000000e3 1.0000000000e3 1.0000000000e3
 /
PORO
 2.0000000000e-1 2.0000000000e-1 2.0000000000e-1 2.0000000000e-1 2.0000000000e-1 2.0000000000e-1
 2.0000000000e-1 2.0000000000e-1 2.0000000000e-1 2.0000000000e-1 2.0000000000e-1 2.0000000000e-1
 2.0000000000e-1 2.0000000000e-1 2.0000000000e-1 2.0000000000e-1 2.0000000000e-1 2.0000000000e-1
 2.0000000000e-1 2.0000000000e-1 2.0000000000e-1 2.0000000000e-1 2.0000000000e-1 2.0000000000e-1
 2.0000000000e-1 2.0000000000e-1 2.0000000000e-1 2.0000000000e-1 2.0000000000e-1 2.0000000000e-1
 2.0000000000e-1 2.0000000000e-1 2.0000000000e-1 2.0000000000e-1 2.0000000000e-1 2.0000000000e-1
 2.0000000000e-1 2.0000000000e-1 2.0000000000e-1 2.0000000000e-1 2.0000000000e-1 2.0000000000e-1
 2.0000000000e-1 2.0000000000e-1 2.0000000000e-1 2.0000000000e-1 2.0000000000e-1 2.0000000000e-1
 /
PERMX
 2.0000000000e2 2.0000000000e2 2.0000000000e2 2.0000000000e2 2.0000000000e2 2.0000000000e2
 2.0000000000e2 2.0000000000e2 2.0000000000e2 2.0000000000e2 2.0000000000e2 2.0000000000e2
 2.0000000000e2 2.0000000000e2 2.0000000000e2 2.0000000000e2 2.0000000000e2 2.0000000000e2
 2.0000000000e2 2.0000000000e2 2.0000000000e2 2.0000000000e2 2.0000000000e2 2.0000000000e2
 2.0000000000e2 2.0000000000e2 2.0000000000e2 2.0000000000e2 2.0000000000e2 2.0000000000e2
 2.0000000000e2 2.0000000000e2 2.0000000000e2 2.0000000000e2 2.0000000000e2 2.0000000000e2
 2.0000000000e2 2.0000000000e2 2.0000000000e2 2.0000000000e2 2.0000000000e2 2.0000000000e2
 2.0000000000e2 2.0000000000e2 2.0000000000e2 2.0000000000e2 2.0000000000e2 2.0000000000e2
 /
PERMY
 2.0000000000e2 2.0000000000e2 2.0000000000e2 2.0000000000e2 2.0000000000e2 2.0000000000e2
 2.0000000000e2 2.0000000000e2 2.0000000000e2 2.0000000000e2 2.0000000000e2 2.0000000000e2
 2.0000000000e2 2.0000000000e2 2.0000000000e2 2.0000000000e2 2.0000000000e2 2.0000000000e2
 2.0000000000e2 2.0000000000e2 2.0000000000e2 2.0000000000e2 2.0000000000e2 2.0000000000e2
 2.0000000000e2 2.0000000000e2 2.0000000000e2 2.0000000000e2 2.0000000000e2 2.0000000000e2
 2.0000000000e2 2.0000000000e2 2.0000000000e2 2.0000000000e2 2.0000000000e2 2.0000000000e2
 2.0000000000e2 2.0000000000e2 2.0000000000e2 2.0000000000e2 2.0000000000e2 2.0000000000e2
 2.0000000000e2 2.0000000000e2 2.0000000000e2 2.0000000000e2 2.0000000000e2 2.0000000000e2
 /
PERMZ
 2.0000000000e1 2.0000000000e1 2.0000000000e1 2.0000000000e1 2.0000000000e1 2.0000000000e1
 2.0000000000e1 2.0000000000e1 2.0000000000e1 2.0000000000e1 2.0000000000e1 2.0000000000e1
 2.0000000000e1 2.0000000000e1 2.0000000000e1 2.0000000000e1 2.0000000000e1 2.0000000000e1
 2.0000000000e1 2.0000000000e1 2.0000000000e1 2.0000000000e1 2.0000000000e1 2.0000000000e1
 2.0000000000e1 2.0000000000e1 2.0000000000e1 2.0000000000e1 2.0000000000e1 2.0000000000e1
 2.0000000000e1 2.0000000000e1 2.0000000000e1 2.0000000000e1 2.0000000000e1 2.0000000000e1
 2.0000000000e1 2.0000000000e1 2.0000000000e1 2.0000000000e1 2.0000000000e1 2.0000000000e1
 2.0000000000e1 2.0000000000e1 2.0000000000e1 2.0000000000e1 2.0000000000e1 2.0000000000e1
 /
PROPS
PVTW
  280 1 3e-6 0.5 0 /
ROCK
  280 5e-5 /
DENSITY
  800 1000 10 /
STONE2
SWOF
  0.10000000 0.0000000000e0 1.0000000000e0 0
  0.11000000 1.5625000000e-4 9.7515625000e-1 0
  0.12000000 6.2500000000e-4 9.5062500000e-1 0
  0.13000000 1.4062500000e-3 9.2640625000e-1 0
  0.14000000 2.5000000000e-3 9.0250000000e-1 0
  0.15000000 3.9062500000e-3 8.7890625000e-1 0
  0.16000000 5.6250000000e-3 8.5562500000e-1 0
  0.17000000 7.6562500000e-3 8.3265625000e-1 0
  0.18000000 1.0000000000e-2 8.1000000000e-1 0
  0.19000000 1.2656250000e-2 7.8765625000e-1 0
  0.20000000 1.5625000000e-2 7.6562500000e-1 0
  0.21000000 1.8906250000e-2 7.4390625000e-1 0
  0.22000000 2.2500000000e-2 7.2250000000e-1 0
  0.23000000 2.6406250000e-2 7.0140625000e-1 0
  0.24000000 3.0625000000e-2 6.8062500000e-1 0
  0.25000000 3.5156250000e-2 6.6015625000e-1 0
  0.26000000 4.0000000000e-2 6.4000000000e-1 0
  0.27000000 4.5156250000e-2 6.2015625000e-1 0
  0.28000000 5.0625000000e-2 6.0062500000e-1 0
  0.29000000 5.6406250000e-2 5.8140625000e-1 0
  0.30000000 6.2500000000e-2 5.6250000000e-1 0
  0.31000000 6.8906250000e-2 5.4390625000e-1 0
  0.32000000 7.5625000000e-2 5.2562500000e-1 0
  0.33000000 8.2656250000e-2 5.0765625000e-1 0
  0.34000000 9.0000000000e-2 4.9000000000e-1 0
  0.35000000 9.7656250000e-2 4.7265625000e-1 0
  0.36000000 1.0562500000e-1 4.5562500000e-1 0
  0.37000000 1.1390625000e-1 4.3890625000e-1 0
  0.38000000 1.2250000000e-1 4.2250000000e-1 0
  0.39000000 1.3140625000e-1 4.0640625000e-1 0
  0.40000000 1.4062500000e-1 3.9062500000e-1 0
  0.41000000 1.5015625000e-1 3.7515625000e-1 0
  0.42000000 1.6000000000e-1 3.6000000000e-1 0
  0.43000000 1.7015625000e-1 3.4515625000e-1 0
  0.44000000 1.8062500000e-1 3.3062500000e-1 0
  0.45000000 1.9140625000e-1 3.1640625000e-1 0
  0.46000000 2.0250000000e-1 3.0250000000e-1 0
  0.47000000 2.1390625000e-1 2.8890625000e-1 0
  0.48000000 2.2562500000e-1 2.7562500000e-1 0
  0.49000000 2.3765625000e-1 2.6265625000e-1 0
  0.50000000 2.5000000000e-1 2.5000000000e-1 0
  0.51000000 2.6265625000e-1 2.3765625000e-1 0
  0.52000000 2.7562500000e-1 2.2562500000e-1 0
  0.53000000 2.8890625000e-1 2.1390625000e-1 0
  0.54000000 3.0250000000e-1 2.0250000000e-1 0
  0.55000000 3.1640625000e-1 1.9140625000e-1 0
  0.56000000 3.3062500000e-1 1.8062500000e-1 0
  0.57000000 3.4515625000e-1 1.7015625000e-1 0
  0.58000000 3.6000000000e-1 1.6000000000e-1 0
  0.59000000 3.7515625000e-1 1.5015625000e-1 0
  0.60000000 3.9062500000e-1 1.4062500000e-1 0
  0.61000000 4.0640625000e-1 1.3140625000e-1 0
  0.62000000 4.2250000000e-1 1.2250000000e-1 0
  0.63000000 4.3890625000e-1 1.1390625000e-1 0
  0.64000000 4.5562500000e-1 1.0562500000e-1 0
  0.65000000 4.7265625000e-1 9.7656250000e-2 0
  0.66000000 4.9000000000e-1 9.0000000000e-2 0
  0.67000000 5.0765625000e-1 8.2656250000e-2 0
  0.68000000 5.2562500000e-1 7.5625000000e-2 0
  0.69000000 5.4390625000e-1 6.8906250000e-2 0
  0.70000000 5.6250000000e-1 6.2500000000e-2 0
  0.71000000 5.8140625000e-1 5.6406250000e-2 0
  0.72000000 6.0062500000e-1 5.0625000000e-2 0
  0.73000000 6.2015625000e-1 4.5156250000e-2 0
  0.74000000 6.4000000000e-1 4.0000000000e-2 0
  0.75000000 6.6015625000e-1 3.5156250000e-2 0
  0.76000000 6.8062500000e-1 3.0625000000e-2 0
  0.77000000 7.0140625000e-1 2.6406250000e-2 0
  0.78000000 7.2250000000e-1 2.2500000000e-2 0
  0.79000000 7.4390625000e-1 1.8906250000e-2 0
  0.80000000 7.6562500000e-1 1.5625000000e-2 0
  0.81000000 7.8765625000e-1 1.2656250000e-2 0
  0.82000000 8.1000000000e-1 1.0000000000e-2 0
  0.83000000 8.3265625000e-1 7.6562500000e-3 0
  0.84000000 8.5562500000e-1 5.6250000000e-3 0
  0.85000000 8.7890625000e-1 3.9062500000e-3 0
  0.86000000 9.0250000000e-1 2.5000000000e-3 0
  0.87000000 9.2640625000e-1 1.4062500000e-3 0
  0.88000000 9.5062500000e-1 6.2500000000e-4 0
  0.89000000 9.7515625000e-1 1.5625000000e-4 0
  0.90000000 1.0000000000e0 0.0000000000e0 0
  0.91000000 1.0000000000e0 0.0000000000e0 0
  0.92000000 1.0000000000e0 0.0000000000e0 0
  0.93000000 1.0000000000e0 0.0000000000e0 0
  0.94000000 1.0000000000e0 0.0000000000e0 0
  0.95000000 1.0000000000e0 0.0000000000e0 0
  0.96000000 1.0000000000e0 0.0000000000e0 0
  0.97000000 1.0000000000e0 0.0000000000e0 0
  0.98000000 1.0000000000e0 0.0000000000e0 0
  0.99000000 1.0000000000e0 0.0000000000e0 0
  1.00000000 1.0000000000e0 0.0000000000e0 0
/
SGOF
  0.00000000 0.0000000000e0 1.0000000000e0 0
  0.01000000 0.0000000000e0 9.7351111111e-1 0
  0.02000000 0.0000000000e0 9.4737777778e-1 0
  0.03000000 0.0000000000e0 9.2160000000e-1 0
  0.04000000 0.0000000000e0 8.9617777778e-1 0
  0.05000000 0.0000000000e0 8.7111111111e-1 0
  0.05002323 1.5643946657e-7 8.7105330339e-1 0
  0.05002762 2.0287688816e-7 8.7104236597e-1 0
  0.05003285 2.6309877329e-7 8.7102935921e-1 0
  0.05003906 3.4119689598e-7 8.7101389160e-1 0
  0.05004645 4.4247763063e-7 8.7099549759e-1 0
  0.05005524 5.7382249345e-7 8.7097362355e-1 0
  0.05006570 7.4415570686e-7 8.7094761115e-1 0
  0.05007813 9.6505055547e-7 8.7091667752e-1 0
  0.05009291 1.2515157326e-6 8.7087989174e-1 0
  0.05011049 1.6230151053e-6 8.7083614684e-1 0
  0.05013139 2.1047901863e-6 8.7078412653e-1 0
  0.05015625 2.7295751678e-6 8.7072226562e-1 0
  0.05018581 3.5398210451e-6 8.7064870306e-1 0
  0.05022097 4.5905799476e-6 8.7056122598e-1 0
  0.05026278 5.9532456549e-6 8.7045720333e-1 0
  0.05031250 7.7204044438e-6 8.7033350694e-1 0
  0.05037163 1.0012125861e-5 8.7018641777e-1 0
  0.05044194 1.2984120842e-5 8.7001151445e-1 0
  0.05052556 1.6838321490e-5 8.6980354107e-1 0
  0.05062500 2.1836601343e-5 8.6955625000e-1 0
  0.05074325 2.8318568360e-5 8.6926221547e-1 0
  0.05088388 3.6724639581e-5 8.6891261224e-1 0
  0.05105112 4.7625965239e-5 8.6849695312e-1 0
  0.05125000 6.1763235550e-5 8.6800277778e-1 0
  0.05148651 8.0097006885e-5 8.6741528401e-1 0
  0.05176777 1.0387296674e-4 8.6671689114e-1 0
  0.05210224 1.3470657192e-4 8.6588672349e-1 0
  0.05250000 1.7469281074e-4 8.6490000000e-1 0
  0.05297302 2.2654854688e-4 8.6372731366e-1 0
  0.05353553 2.9379711665e-4 8.6233378228e-1 0
  0.05420448 3.8100772191e-4 8.6067804936e-1 0
  0.05500000 4.9410588440e-4 8.5871111111e-1 0
  0.05594604 6.4077605508e-4 8.5637494317e-1 0
  0.05707107 8.3098373390e-4 8.5360089789e-1 0
  0.05840896 1.0776525754e-3 8.5030784154e-1 0
  0.06000000 1.3975424859e-3 8.4640000000e-1 0
  0.06189207 1.8123883751e-3 8.4176448310e-1 0
  0.06414214 2.3503769332e-3 8.3626846245e-1 0
  0.06681793 3.0480617753e-3 8.2975598771e-1 0
  0.07000000 3.9528470752e-3 8.2204444444e-1 0
  0.07378414 5.1262084406e-3 8.1292068659e-1 0
  0.07828427 6.6478698712e-3 8.0213692490e-1 0
  0.08000000 7.2618437741e-3 7.9804444444e-1 0
  0.08363586 8.6212206031e-3 7.8940652728e-1 0
  0.09000000 1.1180339887e-2 7.7440000000e-1 0
  0.09756828 1.4499107001e-2 7.5674158802e-1 0
  0.10000000 1.5625000000e-2 7.5111111111e-1 0
  0.10656854 1.8803015465e-2 7.3600718312e-1 0
  0.11000000 2.0539595906e-2 7.2817777778e-1 0
  0.11727171 2.4384494202e-2 7.1172459536e-1 0
  0.12000000 2.5882849051e-2 7.0560000000e-1 0
  0.13000000 3.1622776602e-2 6.8337777778e-1 0
  0.14000000 3.7733647120e-2 6.6151111111e-1 0
  0.15000000 4.4194173824e-2 6.4000000000e-1 0
  0.16000000 5.0986364599e-2 6.1884444444e-1 0
  0.17000000 5.8094750193e-2 5.9804444444e-1 0
  0.18000000 6.5505844205e-2 5.7760000000e-1 0
  0.19000000 7.3207752322e-2 5.5751111111e-1 0
  0.20000000 8.1189881605e-2 5.3777777778e-1 0
  0.21000000 8.9442719100e-2 5.1840000000e-1 0
  0.22000000 9.7957659859e-2 4.9937777778e-1 0
  0.23000000 1.0672687103e-1 4.8071111111e-1 0
  0.24000000 1.1574318284e-1 4.6240000000e-1 0
  0.25000000 1.2500000000e-1 4.4444444444e-1 0
  0.26000000 1.3449122880e-1 4.2684444444e-1 0
  0.27000000 1.4421121662e-1 4.0960000000e-1 0
  0.28000000 1.5415470111e-1 3.9271111111e-1 0
  0.29000000 1.6431676725e-1 3.7617777778e-1 0
  0.30000000 1.7469281074e-1 3.6000000000e-1 0
  0.31000000 1.8527850658e-1 3.4417777778e-1 0
  0.32000000 1.9606978190e-1 3.2871111111e-1 0
  0.33000000 2.0706279241e-1 3.1360000000e-1 0
  0.34000000 2.1825390174e-1 2.9884444444e-1 0
  0.35000000 2.2963966339e-1 2.8444444444e-1 0
  0.36000000 2.4121680471e-1 2.7040000000e-1 0
  0.37000000 2.5298221281e-1 2.5671111111e-1 0
  0.38000000 2.6493292193e-1 2.4337777778e-1 0
  0.39000000 2.7706610222e-1 2.3040000000e-1 0
  0.40000000 2.8937904965e-1 2.1777777778e-1 0
  0.41000000 3.0186917696e-1 2.0551111111e-1 0
  0.42000000 3.1453400551e-1 1.9360000000e-1 0
  0.43000000 3.2737115786e-1 1.8204444444e-1 0
  0.44000000 3.4037835107e-1 1.7084444444e-1 0
  0.45000000 3.5355339059e-1 1.6000000000e-1 0
  0.46000000 3.6689416475e-1 1.4951111111e-1 0
  0.47000000 3.8039863959e-1 1.3937777778e-1 0
  0.48000000 3.9406485428e-1 1.2960000000e-1 0
  0.49000000 4.0789091679e-1 1.2017777778e-1 0
  0.50000000 4.2187500000e-1 1.1111111111e-1 0
  0.51000000 4.3601533803e-1 1.0240000000e-1 0
  0.52000000 4.5031022293e-1 9.4044444444e-2 0
  0.53000000 4.6475800154e-1 8.6044444444e-2 0
  0.54000000 4.7935707268e-1 7.8400000000e-2 0
  0.55000000 4.9410588440e-1 7.1111111111e-2 0
  0.56000000 5.0900293160e-1 6.4177777778e-2 0
  0.57000000 5.2404675364e-1 5.7600000000e-2 0
  0.58000000 5.3923593225e-1 5.1377777778e-2 0
  0.59000000 5.5456908947e-1 4.5511111111e-2 0
  0.60000000 5.7004488584e-1 4.0000000000e-2 0
  0.61000000 5.8566201857e-1 3.4844444444e-2 0
  0.62000000 6.0141921995e-1 3.0044444444e-2 0
  0.63000000 6.1731525576e-1 2.5600000000e-2 0
  0.64000000 6.3334892388e-1 2.1511111111e-2 0
  0.65000000 6.4951905284e-1 1.7777777778e-2 0
  0.66000000 6.6582450062e-1 1.4400000000e-2 0
  0.67000000 6.8226415339e-1 1.1377777778e-2 0
  0.68000000 6.9883692438e-1 8.7111111111e-3 0
  0.69000000 7.1554175280e-1 6.4000000000e-3 0
  0.70000000 7.3237760283e-1 4.4444444444e-3 0
  0.71000000 7.4934346264e-1 2.8444444444e-3 0
  0.72000000 7.6643834349e-1 1.6000000000e-3 0
  0.73000000 7.8366127887e-1 7.1111111111e-4 0
  0.74000000 8.0101132366e-1 1.7777777778e-4 0
  0.75000000 8.1848755336e-1 1.3695501827e-33 0
  0.76000000 8.3608906336e-1 0.0000000000e0 0
  0.77000000 8.5381496825e-1 0.0000000000e0 0
  0.78000000 8.7166440109e-1 0.0000000000e0 0
  0.79000000 8.8963651285e-1 0.0000000000e0 0
  0.80000000 9.0773047177e-1 0.0000000000e0 0
  0.81000000 9.2594546276e-1 0.0000000000e0 0
  0.82000000 9.4428068689e-1 0.0000000000e0 0
  0.83000000 9.6273536083e-1 0.0000000000e0 0
  0.84000000 9.8130871640e-1 0.0000000000e0 0
  0.85000000 1.0000000000e0 0.0000000000e0 0
  0.86000000 1.0000000000e0 0.0000000000e0 0
  0.87000000 1.0000000000e0 0.0000000000e0 0
  0.88000000 1.0000000000e0 0.0000000000e0 0
  0.89000000 1.0000000000e0 0.0000000000e0 0
  0.90000000 1.0000000000e0 0.0000000000e0 0
/
PVTO
  18.54864026 1.0000 1.0966317315e0 1.3814387040e0
           11.0000 1.0955356479e0 1.3828208337e0
           26.0000 1.0938935763e0 1.3848966214e0
           51.0000 1.0911622579e0 1.3883631944e0
           101.0000 1.0857200635e0 1.3953223938e0
           300.0000 1.0643277933e0 1.4233674321e0
  /
  19.42009180 3.4917 1.0987246062e0 1.3592544266e0
           13.4917 1.0976264307e0 1.3606143609e0
           28.4917 1.0959812253e0 1.3626568139e0
           53.4917 1.0932446943e0 1.3660677178e0
           103.4917 1.0877921137e0 1.3729151607e0
           300.0000 1.0666247514e0 1.4001609118e0
  /
  20.29154335 5.9833 1.1008254844e0 1.3376905424e0
           15.9833 1.0997252091e0 1.3390289020e0
           30.9833 1.0980768579e0 1.3410389525e0
           55.9833 1.0953350944e0 1.3443957441e0
           105.9833 1.0898720878e0 1.3511345558e0
           300.0000 1.0689305600e0 1.3776047709e0
  /
  21.16299489 8.4750 1.1029344122e0 1.3167213859e0
           18.4750 1.1018320291e0 1.3180387658e0
           33.4750 1.1001805200e0 1.3200173075e0
           58.4750 1.0974335039e0 1.3233214793e0
           108.4750 1.0919600314e0 1.3299546558e0
           300.0000 1.0712452699e0 1.3556721029e0
  /
  22.03444643 10.9667 1.1050514360e0 1.2963226880e0
           20.9667 1.1039469369e0 1.2976196591e0
           35.9667 1.1022922578e0 1.2995675491e0
           60.9667 1.0995399689e0 1.3028205325e0
           110.9667 1.0940559905e0 1.3093509476e0
           300.0000 1.0735689323e0 1.3343374652e0
  /
  22.90589797 13.4583 1.1071766024e0 1.2764714826e0
           23.4583 1.1060699792e0 1.2777485925e0
           38.4583 1.1044121179e0 1.2796666536e0
           63.4583 1.1016545361e0 1.2828698225e0
           113.4583 1.0961600111e0 1.2893002342e0
           300.0000 1.0759015990e0 1.3135767811e0
  /
  23.72120601 15.7895 1.1091722688e0 1.2583756299e0
           25.7895 1.1080636509e0 1.2596346349e0
           40.7895 1.1064028014e0 1.2615255047e0
           65.7895 1.1036402490e0 1.2646832640e0
           115.7895 1.0981358203e0 1.2710225153e0
           300.0000 1.0780921818e0 1.2946530695e0
  /
  23.78326218 15.9500 1.1093232971e0 1.2571071785e0
           25.9500 1.1082145283e0 1.2583649144e0
           40.9500 1.1065534526e0 1.2602538782e0
           65.9500 1.1037905241e0 1.2634084544e0
           115.9500 1.0982853459e0 1.2697413157e0
           300.0000 1.0782562869e0 1.2933272887e0
  /
  24.74648927 18.4417 1.1116728225e0 1.2376983181e0
           28.4417 1.1105617053e0 1.2389366355e0
           43.4417 1.1088971115e0 1.2407964350e0
           68.4417 1.1061283311e0 1.2439023068e0
           118.4417 1.1006114931e0 1.2501373930e0
           300.0000 1.0808092810e0 1.2730419759e0
  /
  25.70971635 20.9333 1.1140323214e0 1.2188009994e0
           30.9333 1.1129188459e0 1.2200204100e0
           45.9333 1.1112507191e0 1.2218518138e0
           70.9333 1.1084760621e0 1.2249102648e0
           120.9333 1.1029475146e0 1.2310501531e0
           300.0000 1.0833731797e0 1.2532927085e0
  /
  26.67294344 23.4250 1.1164018577e0 1.2003952620e0
           33.4250 1.1152860138e0 1.2015962577e0
           48.4250 1.1136143389e0 1.2034000045e0
           73.4250 1.1108337802e0 1.2064122683e0
           123.4250 1.1052934736e0 1.2124594349e0
           300.0000 1.0859480526e0 1.2340585696e0
  /
  27.63617052 25.9167 1.1187814954e0 1.1824621707e0
           35.9167 1.1176632731e0 1.1836452243e0
           50.9167 1.1159880349e0 1.1854220244e0
           75.9167 1.1132015494e0 1.1883892870e0
           125.9167 1.1076494335e0 1.1943461131e0
           300.0000 1.0885339699e0 1.2153197164e0
  /
  28.59939761 28.4083 1.1211712992e0 1.1649837505e0
           38.4083 1.1200506883e0 1.1661493170e0
           53.4083 1.1183718717e0 1.1678998535e0
           78.4083 1.1155794340e0 1.1708232559e0
           128.4083 1.1100154584e0 1.1766920319e0
           300.0000 1.0911310023e0 1.1970573125e0
  /
  29.56262470 30.9000 1.1235713346e0 1.1479429265e0
           40.9000 1.1224483248e0 1.1490914436e0
           55.9000 1.1207659145e0 1.1508163741e0
           80.9000 1.1179674992e0 1.1536970143e0
           130.9000 1.1123916130e0 1.1594799447e0
           300.0000 1.0937392213e0 1.1792534645e0
  /
  29.82509178 31.5789 1.1242270960e0 1.1433732338e0
           41.5789 1.1231034308e0 1.1445171790e0
           56.5789 1.1214200386e0 1.1462352430e0
           81.5789 1.1186199900e0 1.1491044160e0
           131.5789 1.1130408495e0 1.1548643259e0
           300.0000 1.0944518765e0 1.1744793882e0
  /
  30.59244822 33.3917 1.1261286915e0 1.1311119448e0
           43.3917 1.1250031257e0 1.1322436225e0
           58.3917 1.1233168860e0 1.1339432624e0
           83.3917 1.1205121013e0 1.1367816670e0
           133.3917 1.1149235238e0 1.1424798089e0
           300.0000 1.0965018551e0 1.1616739255e0
  /
  31.64721520 35.8833 1.1287530456e0 1.1146159829e0
           45.8833 1.1276248567e0 1.1157311564e0
           60.8833 1.1259346874e0 1.1174060089e0
           85.8833 1.1231233663e0 1.1202030188e0
           135.8833 1.1175217651e0 1.1258180598e0
           300.0000 1.0993310487e0 1.1444470588e0
  /
  32.70198218 38.3750 1.1313896599e0 1.0985204856e0
           48.3750 1.1302588357e0 1.0996195555e0
           63.3750 1.1285647184e0 1.1012702226e0
           88.3750 1.1257468304e0 1.1040268425e0
           138.3750 1.1201321447e0 1.1095608000e0
           300.0000 1.1021735279e0 1.1276397837e0
  /
  33.75674915 40.8667 1.1340386206e0 1.0828110450e0
           50.8667 1.1329051488e0 1.0838943977e0
           65.8667 1.1312070649e0 1.0855214593e0
           90.8667 1.1283825793e0 1.0882386580e0
           140.8667 1.1227547477e0 1.0936934770e0
           300.0000 1.1050293860e0 1.1112370036e0
  /
  34.81151613 43.3583 1.1367000146e0 1.0674739362e0
           53.3583 1.1355638827e0 1.0685419441e0
           68.3583 1.1338618137e0 1.0701459597e0
           93.3583 1.1310306996e0 1.0728246716e0
           143.3583 1.1253896604e0 1.0782022276e0
           300.0000 1.1078987174e0 1.0952243375e0
  /
  35.86628311 45.8500 1.1393739296e0 1.0524960771e0
           55.8500 1.1382351252e0 1.0535490996e0
           70.8500 1.1365290524e0 1.0551306091e0
           95.8500 1.1336912784e0 1.0577717356e0
           145.8500 1.1280369696e0 1.0630738385e0
           300.0000 1.1107816170e0 1.0795880782e0
  /
  36.50905785 47.3684 1.1410095906e0 1.0435393980e0
           57.3684 1.1398691514e0 1.0445834593e0
           72.3684 1.1381606294e0 1.0461515103e0
           97.3684 1.1353187816e0 1.0487701610e0
           147.3684 1.1296563555e0 1.0540271433e0
           300.0000 1.1125451499e0 1.0702383282e0
  /
  36.95570026 48.3417 1.1421340486e0 1.0378323393e0
           58.3417 1.1409924854e0 1.0388706907e0
           73.3417 1.1392822796e0 1.0404301661e0
           98.3417 1.1364376312e0 1.0430344955e0
           148.3417 1.1307696249e0 1.0482627277e0
           300.0000 1.1137499462e0 1.0642816688e0
  /
  38.09917729 50.8333 1.1450229691e0 1.0234521886e0
           60.8333 1.1438785184e0 1.0244761527e0
           75.8333 1.1421639869e0 1.0260140200e0
           100.8333 1.1393121432e0 1.0285822640e0
           150.8333 1.1336298002e0 1.0337380541e0
           300.0000 1.1168453178e0 1.0492735610e0
  /
  39.24265433 53.3250 1.1479265412e0 1.0093951298e0
           63.3250 1.1467791884e0 1.0104050298e0
           78.3250 1.1450603091e0 1.0119217746e0
           103.3250 1.1422012337e0 1.0144547439e0
           153.3250 1.1365044813e0 1.0195397195e0
           300.0000 1.1199564575e0 1.0346040261e0
  /
  40.38613136 55.8167 1.1508448766e0 9.9565039500e-1
           65.8167 1.1496946069e0 9.9664654339e-1
           80.8167 1.1479713578e0 9.9814263499e-1
           105.8167 1.1451050138e0 1.0006411134e0
           155.8167 1.1393937787e0 1.0056568478e0
           300.0000 1.1230834856e0 1.0202617799e0
  /
  41.52960840 58.3083 1.1537780882e0 9.8220768970e-1
           68.3083 1.1526248868e0 9.8319038866e-1
           83.3083 1.1508972455e0 9.8466628089e-1
           108.3083 1.1480235960e0 9.8713102624e-1
           158.3083 1.1422978044e0 9.9207904110e-1
           300.0000 1.1262265236e0 1.0062360339e0
  /
  42.67308543 60.8000 1.1567262900e0 9.6905716677e-1
           70.8000 1.1555701419e0 9.7002670863e-1
           85.8000 1.1538380860e0 9.7148284052e-1
           110.8000 1.1509570936e0 9.7391458604e-1
           160.8000 1.1452166711e0 9.7879635321e-1
           300.0000 1.1293856943e0 9.9251646892e-1
  /
  43.75517178 63.1579 1.1595301184e0 9.5687321120e-1
           73.1579 1.1583711679e0 9.5783056300e-1
           88.1579 1.1566349136e0 9.5926838695e-1
           113.1579 1.1537469378e0 9.6166955813e-1
           163.1579 1.1479926010e0 9.6648994685e-1
           300.0000 1.1323902251e0 9.7980650424e-1
  /
  43.82119314 63.2917 1.1596989309e0 9.5619193507e-1
           73.2917 1.1585398116e0 9.5714860526e-1
           88.2917 1.1568033046e0 9.5858540550e-1
           113.2917 1.1539149084e0 9.6098486709e-1
           163.2917 1.1481597337e0 9.6580182378e-1
           300.0000 1.1325702369e0 9.7909580239e-1
  /
  45.05092225 65.7833 1.1628522801e0 9.4364194231e-1
           75.7833 1.1616900091e0 9.4458605623e-1
           90.7833 1.1599487803e0 9.4600399850e-1
           115.7833 1.1570525302e0 9.4837196723e-1
           165.7833 1.1512817066e0 9.5312570149e-1
           300.0000 1.1359328215e0 9.6600447089e-1
  /
  46.28065136 68.2750 1.1660228247e0 9.3135132404e-1
           78.2750 1.1648573847e0 9.3228314119e-1
           93.2750 1.1631114084e0 9.3368261525e-1
           118.2750 1.1602072616e0 9.3601974198e-1
           168.2750 1.1544207037e0 9.4071156046e-1
           300.0000 1.1393138132e0 9.5318505669e-1
  /
  47.51038047 70.7667 1.1692107056e0 9.1931212165e-1
           80.7667 1.1680420793e0 9.2023189358e-1
           95.7667 1.1662913296e0 9.2161327720e-1
           120.7667 1.1633792429e0 9.2392019283e-1
           170.7667 1.1575768647e0 9.2855136207e-1
           300.0000 1.1427133629e0 9.4062921581e-1
  /
  48.74010958 73.2583 1.1724160656e0 9.0751669882e-1
           83.2583 1.1712442355e0 9.0842466943e-1
           98.2583 1.1694886861e0 9.0978832892e-1
           123.2583 1.1665686160e0 9.1206564520e-1
           173.2583 1.1607503308e0 9.1663739328e-1
           300.0000 1.1461316233e0 9.2832894219e-1
  /
  49.96983869 75.7500 1.1756390486e0 8.9595772541e-1
           85.7500 1.1744639972e0 8.9685413126e-1
           100.7500 1.1727036218e0 8.9820042193e-1
           125.7500 1.1697755244e0 9.0044873220e-1
           175.7500 1.1639412446e0 9.0496225025e-1
           300.0000 1.1495687487e0 9.1627655074e-1
  /
  51.19956780 78.2417 1.1788798006e0 8.8462816221e-1
           88.2417 1.1777015100e0 8.8551323284e-1
           103.2417 1.1759362820e0 8.8684249939e-1
           128.2417 1.1730001130e0 8.8906237933e-1
           178.2417 1.1671497506e0 8.9351882305e-1
           300.0000 1.1530248952e0 9.0446466145e-1
  /
  51.54785756 78.9474 1.1798009111e0 8.8146009576e-1
           88.9474 1.1786216999e0 8.8234199673e-1
           103.9474 1.1768550927e0 8.8366650285e-1
           128.9474 1.1739166296e0 8.8587843287e-1
           178.9474 1.1680616959e0 8.9031891700e-1
           300.0000 1.1540072398e0 9.0116195831e-1
  /
  52.48956810 80.7333 1.1822526111e0 8.7361011275e-1
           90.7333 1.1810709494e0 8.7448415981e-1
           105.7333 1.1793006710e0 8.7579687034e-1
           130.7333 1.1763561016e0 8.7798910166e-1
           180.7333 1.1704890010e0 8.8239004034e-1
           300.0000 1.1566118872e0 8.9297702042e-1
  /
  53.80338380 83.2250 1.1856901436e0 8.6283618857e-1
           93.2250 1.1845050461e0 8.6369945632e-1
           108.2250 1.1827296204e0 8.6499597766e-1
           133.2250 1.1797764893e0 8.6716117297e-1
           183.2250 1.1738923295e0 8.7150783644e-1
           300.0000 1.1602639295e0 8.8174452232e-1
  /
  55.11719951 85.7167 1.1891477244e0 8.5226421563e-1
           95.7167 1.1879591711e0 8.5311690612e-1
           110.7167 1.1861785681e0 8.5439754171e-1
           135.7167 1.1832168254e0 8.5653620779e-1
           185.7167 1.1773155069e0 8.6082961339e-1
           300.0000 1.1639373435e0 8.7072389102e-1
  /
  56.43101521 88.2083 1.1926255295e0 8.4188856843e-1
           98.2083 1.1914335001e0 8.4273087809e-1
           113.2083 1.1896476895e0 8.4399592295e-1
           138.2083 1.1866772848e0 8.4610855245e-1
           188.2083 1.1807587072e0 8.5034968921e-1
           300.0000 1.1676323166e0 8.5990922438e-1
  /
  57.74483092 90.7000 1.1961237367e0 8.3170382854e-1
           100.7000 1.1949282108e0 8.3253594835e-1
           115.7000 1.1931371621e0 8.3378568935e-1
           140.7000 1.1901580447e0 8.3587276132e-1
           190.7000 1.1842221067e0 8.4006259098e-1
           300.0000 1.1713490385e0 8.4929483741e-1
  /
  59.05864662 93.1917 1.1996425262e0 8.2170477505e-1
           103.1917 1.1984434833e0 8.2252689081e-1
           118.1917 1.1966471656e0 8.2376160695e-1
           143.1917 1.1936592841e0 8.2582358737e-1
           193.1917 1.1877058836e0 8.2996304533e-1
           300.0000 1.1750877013e0 8.3887525246e-1
  /
  59.87339275 94.7368 1.2018350782e0 8.1559505382e-1
           104.7368 1.2006338438e0 8.1641105680e-1
           119.7368 1.1988342431e0 8.1763659231e-1
           144.7368 1.1958409007e0 8.1968324104e-1
           194.7368 1.1898766194e0 8.2379192038e-1
           300.0000 1.1774172928e0 8.3250921428e-1
  /
  60.40367056 95.6833 1.2032363134e0 8.1195179013e-1
           105.6833 1.2020336785e0 8.1276414803e-1
           120.6833 1.2002319796e0 8.1398420907e-1
           145.6833 1.1972351473e0 8.1602171541e-1
           195.6833 1.1912639121e0 8.2011204128e-1
           300.0000 1.1789016357e0 8.2871195445e-1
  /
  61.79964287 98.1750 1.2069407783e0 8.0247498480e-1
           108.1750 1.2057344408e0 8.0327786115e-1
           123.1750 1.2039271949e0 8.0448368209e-1
           148.1750 1.2009211361e0 8.0649740740e-1
           198.1750 1.1949315169e0 8.1053999248e-1
           300.0000 1.1828258643e0 8.1883547867e-1
  /
  63.19561519 100.6667 1.2106681239e0 7.9316032759e-1
           110.6667 1.2094580609e0 7.9395388463e-1
           125.6667 1.2076452338e0 7.9514570910e-1
           150.6667 1.2046298915e0 7.9713606028e-1
           200.6667 1.1986217748e0 8.0113172141e-1
           300.0000 1.1867744046e0 8.0912928532e-1
  /
  64.59158750 103.1583 1.2144185629e0 7.8400369228e-1
           113.1583 1.2132047513e0 7.8478808810e-1
           128.1583 1.2113863084e0 7.8596615356e-1
           153.1583 1.2083616250e0 7.8793352714e-1
           203.1583 1.2023348963e0 7.9188306038e-1
           300.0000 1.1907474825e0 7.9958904069e-1
  /
  65.98755982 105.6500 1.2181923104e0 7.7500109145e-1
           115.6500 1.2169747270e0 7.7577648017e-1
           130.6500 1.2151506333e0 7.7694101807e-1
           155.6500 1.2121165509e0 7.7888580058e-1
           205.6500 1.2060710944e0 7.8278998190e-1
           300.0000 1.1947453270e0 7.9021055690e-1
  /
  67.38353213 108.1417 1.2219895846e0 7.6614867073e-1
           118.1417 1.2207682058e0 7.6691520260e-1
           133.1417 1.2189384261e0 7.6806643861e-1
           158.1417 1.2158948861e0 7.6998900692e-1
           208.1417 1.2098305850e0 7.7384859288e-1
           300.0000 1.1987681695e0 7.8098978577e-1
  /
  68.71954718 110.5263 1.2256460013e0 7.5781366492e-1
           120.5263 1.2244209680e0 7.5857185762e-1
           135.5263 1.2225857133e0 7.5971056922e-1
           160.5263 1.2195330664e0 7.6161222172e-1
           210.5263 1.2134506199e0 7.6542981887e-1
           300.0000 1.2026418572e0 7.7230913144e-1
  /
  68.78295849 110.6333 1.2258159923e0 7.5745128104e-1
           120.6333 1.2245907890e0 7.5820911117e-1
           135.6333 1.2227552798e0 7.5934727825e-1
           160.6333 1.2197022096e0 7.6124802138e-1
           210.6333 1.2136189194e0 7.6506379297e-1
           300.0000 1.2028215299e0 7.7193155481e-1
  /
  70.25935068 113.1250 1.2297872295e0 7.4908299972e-1
           123.1250 1.2285580570e0 7.4983245738e-1
           138.1250 1.2267166013e0 7.5095805005e-1
           163.1250 1.2236536401e0 7.5283779388e-1
           213.1250 1.2175506421e0 7.5661140902e-1
           300.0000 1.2070189840e0 7.6321310524e-1
  /
  71.73574286 115.6167 1.2337842813e0 7.4084497939e-1
           125.6167 1.2325511137e0 7.4158619491e-1
           140.6167 1.2307036730e0 7.4269940891e-1
           165.6167 1.2276307565e0 7.4455848030e-1
           215.6167 1.2215079226e0 7.4829059521e-1
           300.0000 1.2112437985e0 7.5463163697e-1
  /
  73.21213505 118.1083 1.2378074002e0 7.3273420207e-1
           128.1083 1.2365702115e0 7.3346730276e-1
           143.1083 1.2347167466e0 7.3456832928e-1
           168.1083 1.2316338101e0 7.3640704754e-1
           218.1083 1.2254910108e0 7.4009830323e-1
           300.0000 1.2154962409e0 7.4618397587e-1
  /
  74.68852723 120.6000 1.2418568421e0 7.2474774230e-1
           130.6000 1.2406156060e0 7.2547285253e-1
           145.6000 1.2387560776e0 7.2656187838e-1
           170.6000 1.2356630553e0 7.2838055547e-1
           220.6000 1.2295001601e0 7.3203157820e-1
           300.0000 1.2197765825e0 7.3786704508e-1
  /
  76.16491942 123.0917 1.2459328662e0 7.1688276360e-1
           133.0917 1.2446875561e0 7.1760000492e-1
           148.0917 1.2428219243e0 7.1867721264e-1
           173.0917 1.2397187501e0 7.2047615341e-1
           223.0917 1.2335356270e0 7.2408755515e-1
           300.0000 1.2240850979e0 7.2967786136e-1
  /
  77.64131160 125.5833 1.2500357350e0 7.0913651515e-1
           135.5833 1.2487863241e0 7.0984600635e-1
           150.5833 1.2469145488e0 7.1091157434e-1
           175.5833 1.2438011558e0 7.1269107672e-1
           225.5833 1.2375976717e0 7.1626345561e-1
           300.0000 1.2284220656e0 7.2161353154e-1
  /
  78.07531529 126.3158 1.2512469681e0 7.0688160085e-1
           136.3158 1.2499963465e0 7.0758883601e-1
           151.3158 1.2481227576e0 7.0865101570e-1
           176.3158 1.2450063478e0 7.1042485962e-1
           226.3158 1.2387968527e0 7.1398587905e-1
           300.0000 1.2297024229e0 7.1926625777e-1
  /
  79.18707360 128.0750 1.2542576674e0 7.0169573361e-1
           138.0750 1.2530039749e0 7.0310680808e-1
           153.0750 1.2511259310e0 7.0523701782e-1
           178.0750 1.2480020063e0 7.0895769762e-1
           228.0750 1.2417775796e0 7.1666857033e-1
           300.0000 1.2328781528e0 7.2604222478e-1
  /
  80.76171806 130.5667 1.2585467641e0 6.9443790708e-1
           140.5667 1.2572886961e0 6.9681881793e-1
           155.5667 1.2554043060e0 7.0042979905e-1
           180.5667 1.2522696754e0 7.0687798751e-1
           230.5667 1.2460239769e0 7.2052538522e-1
           300.0000 1.2374024205e0 7.3592426286e-1
  /
  82.33636253 133.0583 1.2628652957e0 6.8728039700e-1
           143.0583 1.2616028216e0 6.9060029115e-1
           158.0583 1.2597120423e0 6.9565535099e-1
           183.0583 1.2565666320e0 7.0479629619e-1
           233.0583 1.2502995159e0 7.2445083660e-1
           300.0000 1.2419578141e0 7.4615618487e-1
  /
  83.91100700 135.5500 1.2672135663e0 6.8022113780e-1
           145.5500 1.2659466551e0 6.8445008301e-1
           160.5500 1.2640494431e0 6.9091333970e-1
           185.5500 1.2608931788e0 7.0271262080e-1
           235.5500 1.2546044976e0 7.2844677313e-1
           300.0000 1.2465446551e0 7.5675683441e-1
  /
  85.48565146 138.0417 1.2715918840e0 6.7325812023e-1
           148.0417 1.2703205045e0 6.7836707380e-1
           163.0417 1.2684168159e0 6.8620343574e-1
           188.0417 1.2652496224e0 7.0062695853e-1
           238.0417 1.2589392273e0 7.3251511044e-1
           300.0000 1.2511632695e0 7.6774643300e-1
  /
  87.06029593 140.5333 1.2760005615e0 6.6638938949e-1
           150.5333 1.2747246820e0 6.7235016817e-1
           165.5333 1.2728144724e0 6.8152531411e-1
           190.5333 1.2696362738e0 6.9853930653e-1
           240.5333 1.2633040142e0 7.3665783422e-1
           300.0000 1.2558139879e0 7.7914670835e-1
  /
  88.63494040 143.0250 1.2804399155e0 6.5961304332e-1
           153.0250 1.2791595041e0 6.6639829442e-1
           168.0250 1.2772427288e0 6.7687865421e-1
           193.0250 1.2740534483e0 6.9644966195e-1
           243.0250 1.2676991722e0 7.4087700345e-1
           300.0000 1.2604971453e0 7.9098103730e-1
  /
  90.20958486 145.5167 1.2849102675e0 6.5292723031e-1
           155.5167 1.2836252919e0 6.6051040390e-1
           170.5167 1.2817019055e0 6.7226313970e-1
           195.5167 1.2785014656e0 6.9435802193e-1
           245.5167 1.2721250194e0 7.4517475380e-1
           300.0000 1.2652130815e0 8.0327460526e-1
  /
  91.78422933 148.0083 1.2894119432e0 6.4633014820e-1
           158.0083 1.2881223707e0 6.5468547039e-1
           173.0083 1.2861923275e0 6.6767845850e-1
           198.0083 1.2829806498e0 6.9226438361e-1
           248.0083 1.2765818782e0 7.4955330123e-1
           300.0000 1.2699621410e0 8.1605458457e-1
  /
  93.04289163 150.0000 1.2930330200e0 6.4111952534e-1
           160.0000 1.2917397493e0 6.5007401947e-1
           175.0000 1.2898043519e0 6.6403574662e-1
           200.0000 1.2865836345e0 6.9058943443e-1
           250.0000 1.2801669049e0 7.5311285454e-1
           300.0000 1.2737822663e0 8.2663943448e-1
  /
  93.35887380 150.5000 1.2939452730e0 6.3982004224e-1
           160.5000 1.2926510899e0 6.4875638654e-1
           175.5000 1.2907143270e0 6.6268981471e-1
           200.5000 1.2874913374e0 6.8918968093e-1
           250.5000 1.2810700807e0 7.5158637252e-1
           300.0000 1.2747446245e0 8.2417501532e-1
  /
  94.93351826 152.9917 1.2985105919e0 6.3339520366e-1
           162.9917 1.2972118426e0 6.4224181245e-1
           177.9917 1.2952682464e0 6.5603532624e-1
           202.9917 1.2920338854e0 6.8226909051e-1
           252.9917 1.2855899731e0 7.4403921737e-1
           300.0000 1.2795607876e0 8.1202805724e-1
  /
  96.50816273 155.4833 1.3031082397e0 6.2705396813e-1
           165.4833 1.3018048920e0 6.3581200911e-1
           180.4833 1.2998544141e0 6.4946742914e-1
           205.4833 1.2966086011e0 6.7543855411e-1
           255.4833 1.2901418728e0 7.3659026939e-1
           300.0000 1.2844112153e0 8.0010060609e-1
  /
  98.08280720 157.9750 1.3077385611e0 6.2079471438e-1
           167.9750 1.3064305822e0 6.2946533258e-1
           182.9750 1.3044731737e0 6.4298444419e-1
           207.9750 1.3012158274e0 6.6869632534e-1
           257.9750 1.2947261209e0 7.2923762411e-1
           300.0000 1.2892962728e0 7.8838758891e-1
  /
  99.65745166 160.4667 1.3124019055e0 6.1461586280e-1
           170.4667 1.3110892624e0 6.2320018119e-1
           185.4667 1.3091248739e0 6.3658473530e-1
           210.4667 1.3058559121e0 6.6204070271e-1
           260.4667 1.2993430635e0 7.2197942595e-1
           300.0000 1.2942163309e0 7.7688407747e-1
  /
  101.23209613 162.9583 1.3170986276e0 6.0851587407e-1
           172.9583 1.3157812870e0 6.1701499413e-1
           187.9583 1.3138098684e0 6.3026670815e-1
           212.9583 1.3105292079e0 6.5547002814e-1
           262.9583 1.3039930516e0 7.1481386674e-1
           300.0000 1.2991717654e0 7.6558528330e-1
  /
  102.80674060 165.4500 1.3218290870e0 6.0249324795e-1
           175.4500 1.3205070150e0 6.1090825020e-1
           190.4500 1.3185285160e0 6.2402880886e-1
           215.4500 1.3152360727e0 6.4898268560e-1
           265.4500 1.3086764413e0 7.0773918413e-1
           300.0000 1.3041629576e0 7.5448655302e-1
  /
  104.38138506 167.9417 1.3265936485e0 5.9654652198e-1
           177.9417 1.3252668110e0 6.0487846652e-1
           192.9417 1.3232811804e0 6.1786952270e-1
           217.9417 1.3199768695e0 6.4257709981e-1
           267.9417 1.3133935938e0 7.0075366023e-1
           300.0000 1.3091898493e0 7.4353709316e-1
  /
  105.95602953 170.4333 1.3313926821e0 5.9067427035e-1
           180.4333 1.3300610447e0 5.9892419736e-1
           195.4333 1.3280682310e0 6.1178737290e-1
           220.4333 1.3247519665e0 6.3625173493e-1
           270.4333 1.3181448754e0 6.9385562015e-1
           300.0000 1.3142532037e0 7.3277335583e-1
  /
  107.53067400 172.9250 1.3362265634e0 5.8487510275e-1
           182.9250 1.3348900913e0 5.9304403298e-1
           197.9250 1.3328900422e0 6.0578091944e-1
           222.9250 1.3295617374e0 6.3000509337e-1
           272.9250 1.3229306580e0 6.8704343070e-1
           300.0000 1.3193534888e0 7.2219843801e-1
  /
  108.01046797 173.6842 1.3377064312e0 5.8312241613e-1
           183.6842 1.3363684789e0 5.9126686665e-1
           198.6842 1.3343662148e0 6.0396558467e-1
           223.6842 1.3310342238e0 6.2811716636e-1
           273.6842 1.3243958006e0 6.8498457775e-1
           300.0000 1.3209149473e0 7.1901314594e-1
  /
  109.10531846 175.4167 1.3410956733e0 5.7914766324e-1
           185.4167 1.3397543312e0 5.8723659852e-1
           200.4167 1.3377469941e0 5.9984875793e-1
           225.4167 1.3344065611e0 6.2383571456e-1
           275.4167 1.3277513186e0 6.8031549909e-1
           300.0000 1.3244911084e0 7.1180811823e-1
  /
  110.67996293 177.9083 1.3460003983e0 5.7349062923e-1
           187.9083 1.3446541506e0 5.8150055291e-1
           202.9083 1.3426394722e0 5.9398951850e-1
           227.9083 1.3392868224e0 6.1774217386e-1
           277.9083 1.3326072399e0 6.7367027169e-1
           300.0000 1.3296664722e0 7.0159829126e-1
  /
  112.25460740 180.4000 1.3509411307e0 5.6790271043e-1
           190.4000 1.3495899413e0 5.7583458785e-1
           205.4000 1.3475678676e0 5.8820186474e-1
           230.4000 1.3442029114e0 6.1172308143e-1
           280.4000 1.3374988103e0 6.6710623284e-1
           300.0000 1.3348799961e0 6.9156496434e-1
  /
  113.82925186 182.8917 1.3559182683e0 5.6238264792e-1
           192.8917 1.3545621009e0 5.7023742681e-1
           207.8917 1.3525325775e0 5.8248449273e-1
           232.8917 1.3491552241e0 6.0577708119e-1
           282.8917 1.3424264238e0 6.6062190367e-1
           300.0000 1.3401318240e0 6.8168680283e-1
  /
  115.40389633 185.3833 1.3609322151e0 5.5692921313e-1
           195.3833 1.3595710328e0 5.6470782410e-1
           210.3833 1.3575340046e0 5.7683612999e-1
           235.3833 1.3541441623e0 5.9990284980e-1
           285.3833 1.3473904801e0 6.5421584104e-1
           300.0000 1.3454224092e0 6.7196274473e-1
  /
  116.97854080 187.8750 1.3659833809e0 5.5154120702e-1
           197.8750 1.3646171465e0 5.5924456388e-1
           212.8750 1.3625725578e0 5.7125553460e-1
           237.8750 1.3591701339e0 5.9409909566e-1
           287.8750 1.3523913851e0 6.4788663641e-1
           300.0000 1.3507524344e0 6.6240504262e-1
  /
  117.98885220 189.4737 1.3692440651e0 5.4811810890e-1
           199.4737 1.3678745694e0 5.5577365547e-1
           214.4737 1.3658251002e0 5.6771008102e-1
           239.4737 1.3624145545e0 5.9041186528e-1
           289.4737 1.3556196244e0 6.4386557778e-1
           300.0000 1.3541932195e0 6.5635863072e-1
  /
  118.55318526 190.3667 1.3710721817e0 5.4621745909e-1
           200.3667 1.3697008575e0 5.5384645936e-1
           215.3667 1.3676486520e0 5.6574149426e-1
           240.3667 1.3642335528e0 5.8836455800e-1
           290.3667 1.3574295506e0 6.4163291485e-1
           300.0000 1.3561223406e0 6.5301007938e-1
  /
  120.12782973 192.8583 1.3761990397e0 5.4095682665e-1
           202.8583 1.3748225877e0 5.4851235184e-1
           217.8583 1.3727627083e0 5.6029282540e-1
           242.8583 1.3693348391e0 5.8269800591e-1
           292.8583 1.3625053946e0 6.3545333404e-1
           300.0000 1.3615325753e0 6.4377433465e-1
  /
  121.70247420 195.3500 1.3813643833e0 5.3575819390e-1
           205.3500 1.3799827650e0 5.4324110997e-1
           220.3500 1.3779151542e0 5.5490837236e-1
           245.3500 1.3744744190e0 5.7709823752e-1
           295.3500 1.3676193413e0 6.2934658328e-1
           300.0000 1.3669835927e0 6.3469438171e-1
  /
  123.27711866 197.8417 1.3865686476e0 5.3062047122e-1
           207.8417 1.3851818241e0 5.3803162889e-1
           222.8417 1.3831064236e0 5.4958700655e-1
           247.8417 1.3796527255e0 5.7156407913e-1
           297.8417 1.3727718214e0 6.2331138260e-1
           300.0000 1.3724757513e0 6.2576432901e-1
  /
  124.85176313 200.3333 1.3918122741e0 5.2554259435e-1
           210.3333 1.3904202061e0 5.3288282950e-1
           225.3333 1.3883369570e0 5.4432762570e-1
           250.3333 1.3848701979e0 5.6609438436e-1
           300.3333 1.3779632721e0 6.1734648184e-1
  /
  126.42640760 202.8250 1.3970957112e0 5.2052352369e-1
           212.8250 1.3956983587e0 5.2779365766e-1
           227.8250 1.3936072014e0 5.3912915303e-1
           252.8250 1.3901272822e0 5.6068803339e-1
           302.8250 1.3831941372e0 6.1145065980e-1
  /
  127.96723643 205.2632 1.4023046605e0 5.1566818726e-1
           215.2632 1.4009020982e0 5.2287050691e-1
           230.2632 1.3988031442e0 5.3410026711e-1
           255.2632 1.3953102504e0 5.5545805067e-1
           305.2632 1.3883512558e0 6.0574717373e-1
  /
  128.00105206 205.3167 1.4024194138e0 5.1556224360e-1
           215.3167 1.4010167367e0 5.2276308353e-1
           230.3167 1.3989176109e0 5.3399053659e-1
           255.3167 1.3954244313e0 5.5534393221e-1
           305.3167 1.3884648672e0 6.0562272340e-1
  /
  129.57569653 207.8083 1.4077838441e0 5.1065776165e-1
           217.8083 1.4063758015e0 5.1779010086e-1
           232.8083 1.4042686464e0 5.2891074850e-1
           257.8083 1.4007621049e0 5.5006101182e-1
           307.8083 1.3937759196e0 5.9986150689e-1
  /
  131.15034099 210.3000 1.4131894712e0 5.0580910804e-1
           220.3000 1.4117760220e0 5.1287372628e-1
           235.3000 1.4096607758e0 5.2388878428e-1
           260.3000 1.4061407699e0 5.4483822758e-1
           310.3000 1.3991277589e0 5.9416587103e-1
  /
  132.72498546 212.7917 1.4186367716e0 5.0101533492e-1
           222.7917 1.4172178741e0 5.0801299869e-1
           237.7917 1.4150944744e0 5.1892366219e-1
           262.7917 1.4115609002e0 5.3967455850e-1
           312.7917 1.4045208568e0 5.8853470240e-1
  /
  134.29962993 215.2833 1.4241262289e0 4.9627551576e-1
           225.2833 1.4227018409e0 5.0320697864e-1
           240.2833 1.4205702247e0 5.1401442260e-1
           265.2833 1.4170229772e0 5.3456900657e-1
           315.2833 1.4099556921e0 5.8296691262e-1
  /
  135.87427439 217.7750 1.4296583345e0 4.9158874479e-1
           227.7750 1.4282284134e0 4.9845474770e-1
           242.7750 1.4260885167e0 5.0916012736e-1
           267.7750 1.4225274898e0 5.2952059611e-1
           317.7750 1.4154327514e0 5.7746143770e-1
  /
  137.44891886 220.2667 1.4352335873e0 4.8695413637e-1
           230.2667 1.4337980899e0 4.9375540787e-1
           245.2667 1.4316498483e0 5.0435985918e-1
           270.2667 1.4280749344e0 5.2452837316e-1
           320.2667 1.4209525285e0 5.7201723731e-1
  /
  137.94562065 221.0526 1.4370012633e0 4.8550289036e-1
           231.0526 1.4355639979e0 4.9228389235e-1
           246.0526 1.4334131105e0 5.0285673972e-1
           271.0526 1.4298337936e0 5.2296514646e-1
           321.0526 1.4227026156e0 5.7031248182e-1
  /
  139.02356333 222.7583 1.4408524940e0 4.8237082451e-1
           232.7583 1.4394113768e0 4.8910808105e-1
           247.7583 1.4372547248e0 4.9961272109e-1
           272.7583 1.4336658152e0 5.1959140490e-1
           322.7583 1.4265155253e0 5.6663329415e-1
  /
  140.59820779 225.2500 1.4465155695e0 4.7783796224e-1
           235.2500 1.4450687881e0 4.8451190845e-1
           250.2500 1.4429036597e0 4.9491783588e-1
           275.2500 1.4393006444e0 5.1470877902e-1
           325.2500 1.4321222513e0 5.6130861333e-1
  /
  142.17285226 227.7417 1.4522233366e0 4.7335472117e-1
           237.7417 1.4507708463e0 4.7996605010e-1
           252.7417 1.4485971746e0 4.9027434552e-1
           277.7417 1.4449799422e0 5.0987960318e-1
           327.7417 1.4377732241e0 5.5604222173e-1
  /
  143.74749673 230.2333 1.4579763263e0 4.6892029091e-1
           240.2333 1.4565180820e0 4.7546968432e-1
           255.2333 1.4543357993e0 4.8568141068e-1
           280.2333 1.4507042372e0 5.0510300450e-1
           330.2333 1.4434689696e0 5.5083316742e-1
  /
  145.32214119 232.7250 1.4637750783e0 4.6453387867e-1
           242.7250 1.4623110342e0 4.7102200720e-1
           257.7250 1.4601200720e0 4.8113821020e-1
           282.7250 1.4564740662e0 5.0037812898e-1
           332.7250 1.4492100221e0 5.4568051909e-1
  /
  146.89678566 235.2167 1.4696201408e0 4.6019470868e-1
           245.2167 1.4681502506e0 4.6662223218e-1
           260.2167 1.4659505395e0 4.7664394062e-1
           285.2167 1.4622899747e0 4.9570414101e-1
           335.2167 1.4549969242e0 5.4058336550e-1
  /
  147.92400488 236.8421 1.4734583912e0 4.5738915048e-1
           246.8421 1.4719846621e0 4.6377748885e-1
           261.8421 1.4697792060e0 4.7373810035e-1
           286.8421 1.4661090808e0 4.9268210101e-1
           336.8421 1.4587969828e0 5.3728772114e-1
  /
  148.47143013 237.7083 1.4755120708e0 4.5590202184e-1
           247.7083 1.4740362875e0 4.6226958954e-1
           262.7083 1.4718277575e0 4.7219781569e-1
           287.7083 1.4681525170e0 4.9108022292e-1
           337.7083 1.4608302275e0 5.3554081491e-1
  /
  150.04607459 240.2000 1.4814514342e0 4.5165507520e-1
           250.2000 1.4799697105e0 4.5796332594e-1
           265.2000 1.4777522905e0 4.6779906589e-1
           290.2000 1.4740622561e0 4.8650557441e-1
           340.2000 1.4667104923e0 5.3055199461e-1
  /
  151.62071906 242.6917 1.4874388062e0 4.4745314157e-1
           252.6917 1.4859510940e0 4.5370270405e-1
           267.6917 1.4837247122e0 4.6344693804e-1
           292.6917 1.4800197643e0 4.8197941219e-1
           342.6917 1.4726382879e0 5.2561605036e-1
  /
  153.19536353 245.1833 1.4934747712e0 4.4329550908e-1
           255.1833 1.4919810219e0 4.4948700205e-1
           270.1833 1.4897456055e0 4.5914069485e-1
           295.1833 1.4860256231e0 4.7750096948e-1
           345.1833 1.4786141930e0 5.2073214596e-1
  /
  154.77000799 247.6750 1.4995599232e0 4.3918148081e-1
           257.6750 1.4980600877e0 4.4531551329e-1
           272.6750 1.4958155631e0 4.5487961446e-1
           297.6750 1.4920804236e0 4.7306949555e-1
           347.6750 1.4846387957e0 5.1589946273e-1
  /
  156.34465246 250.1667 1.5056948658e0 4.3511037436e-1
           260.1667 1.5041888943e0 4.4118754584e-1
           275.1667 1.5019351870e0 4.5066299010e-1
           300.1667 1.4981847664e0 4.6868425538e-1
           350.1667 1.4907126936e0 5.1111719909e-1
  /
  157.90238911 252.6316 1.5118135275e0 4.3112455942e-1
           262.6316 1.5103014361e0 4.3714606116e-1
           277.6316 1.5080385705e0 4.4653470591e-1
           302.6316 1.5042729094e0 4.6439088796e-1
           352.6316 1.4967704725e0 5.0643512602e-1
  /
  157.91929693 252.6583 1.5118802128e0 4.3108152153e-1
           262.6583 1.5103680548e0 4.3710242216e-1
           277.6583 1.5081050893e0 4.4649012967e-1
           302.6583 1.5043392622e0 4.6434452918e-1
           352.6583 1.4968364943e0 5.0638457009e-1
  /
  159.49394139 255.1500 1.5181165879e0 4.2709426788e-1
           265.1500 1.5165981923e0 4.3305947867e-1
           280.1500 1.5143258923e0 4.4236035534e-1
           305.1500 1.5105445314e0 4.6004961203e-1
           355.1500 1.5030108153e0 5.0170080698e-1
  /
  161.06858586 257.6417 1.5244046250e0 4.2314797243e-1
           267.6417 1.5228799402e0 4.2905806545e-1
           282.6417 1.5205982284e0 4.3827300323e-1
           307.6417 1.5168012051e0 4.5579881350e-1
           357.6417 1.5092362843e0 4.9706515682e-1
  /
  162.64323033 260.1333 1.5307449689e0 4.1924200731e-1
           270.1333 1.5292139426e0 4.2509754586e-1
           285.1333 1.5269227406e0 4.3422742303e-1
           310.1333 1.5231099246e0 4.5159145725e-1
           360.1333 1.5155135397e0 4.9247688206e-1
  /
  164.21787479 262.6250 1.5371382749e0 4.1537575742e-1
           272.6250 1.5356008541e0 4.2117729618e-1
           287.6250 1.5333000827e0 4.3022297762e-1
           312.6250 1.5294713422e0 4.4742688072e-1
           362.6250 1.5218432301e0 4.8793526013e-1
  /
  165.79251926 265.1167 1.5435852094e0 4.1154862008e-1
           275.1167 1.5420413405e0 4.1729670535e-1
           290.1167 1.5397309194e0 4.2625904282e-1
           315.1167 1.5358861207e0 4.4330443474e-1
           365.1167 1.5282260155e0 4.8343958310e-1
  /
  167.36716373 267.6083 1.5500864501e0 4.0776000477e-1
           277.6083 1.5485360788e0 4.1345517458e-1
           292.6083 1.5462159266e0 4.2233500698e-1
           317.6083 1.5423549345e0 4.3922348322e-1
           367.6083 1.5346625666e0 4.7898915728e-1
  /
  167.88077334 268.4211 1.5522188528e0 4.0653248755e-1
           278.4211 1.5506663486e0 4.1221051268e-1
           293.4211 1.5483430048e0 4.2106361330e-1
           318.4211 1.5444767012e0 4.3790124861e-1
           368.4211 1.5367737511e0 4.7754721243e-1
  /
  168.94180819 270.1000 1.5566426860e0 4.0400933279e-1
           280.1000 1.5550857572e0 4.0965211709e-1
           295.1000 1.5527557918e0 4.1845027071e-1
           320.1000 1.5488784692e0 4.3518340279e-1
           370.1000 1.5411535657e0 4.7458330287e-1
  /
  170.51645266 272.5917 1.5632546178e0 4.0029603696e-1
           282.5917 1.5616910759e0 4.0588695779e-1
           297.5917 1.5593512138e0 4.1460424658e-1
           322.5917 1.5554574221e0 4.3118358253e-1
           372.5917 1.5476997066e0 4.7022135364e-1
  /
  172.09109713 275.0833 1.5699229585e0 3.9661956136e-1
           285.0833 1.5683527470e0 4.0215913299e-1
           300.0833 1.5660029038e0 4.1079635878e-1
           325.0833 1.5620925024e0 4.2722342362e-1
           375.0833 1.5543016950e0 4.6590265655e-1
  /
  173.66574159 277.5750 1.5766484328e0 3.9297936105e-1
           287.5750 1.5750714946e0 3.9846809013e-1
           302.5750 1.5727115848e0 4.0702604290e-1
           327.5750 1.5687844314e0 4.2330233906e-1
           377.5750 1.5609602486e0 4.6162657146e-1
  /
  175.24038606 280.0667 1.5834317782e0 3.8937490178e-1
           290.0667 1.5818480555e0 3.9481328750e-1
           305.0667 1.5794779924e0 4.0329274558e-1
           330.0667 1.5755339429e0 4.1941975338e-1
           380.0667 1.5676760975e0 4.5739247079e-1
  /
  176.81503053 282.5583 1.5902737450e0 3.8580565974e-1
           292.5583 1.5886831790e0 3.9119419398e-1
           307.5583 1.5863028750e0 3.9959592430e-1
           332.5583 1.5823417834e0 4.1557510234e-1
           382.5583 1.5744499844e0 4.5319973923e-1
  /
  177.85915757 284.2105 1.5948432635e0 3.8345810649e-1
           294.2105 1.5932481272e0 3.8881385253e-1
           309.2105 1.5908609836e0 3.9716445994e-1
           334.2105 1.5868885101e0 4.1304640776e-1
           384.2105 1.5789740346e0 4.5044210597e-1
  /
  178.38967499 285.0500 1.5971750963e0 3.8227112129e-1
           295.0500 1.5955776277e0 3.8761028876e-1
           310.0500 1.5931869938e0 3.9593504706e-1
           335.0500 1.5892087121e0 4.1176783270e-1
           385.0500 1.5812826649e0 4.4904777344e-1
  /
  179.96431946 287.5417 1.6041366086e0 3.7877078277e-1
           297.5417 1.6025321772e0 3.8406106112e-1
           312.5417 1.6001311234e0 3.9230959219e-1
           337.5417 1.5961355018e0 4.0799740190e-1
           387.5417 1.5881749078e0 4.4493598174e-1
  /
  181.53896393 290.0333 1.6111590720e0 3.7530415018e-1
           300.0333 1.6095476168e0 3.8054601020e-1
           315.0333 1.6071360519e0 3.8871904804e-1
           340.0333 1.6031229386e0 4.0426327785e-1
           390.0333 1.5951274953e0 4.4086378387e-1
  /
  183.11360839 292.5250 1.6182432906e0 3.7187073901e-1
           302.5250 1.6166247499e0 3.7706464469e-1
           317.5250 1.6142025814e0 3.8516291278e-1
           342.5250 1.6101718225e0 4.0056493864e-1
           392.5250 1.6021412235e0 4.3683061067e-1
  /
  184.68825286 295.0167 1.6253900824e0 3.6847007398e-1
           305.0167 1.6237643937e0 3.7361648270e-1
           320.0167 1.6213315279e0 3.8164069415e-1
           345.0167 1.6172829677e0 3.9690187233e-1
           395.0167 1.6092169024e0 4.3283590385e-1
  /
  186.26289733 297.5083 1.6326002804e0 3.6510168885e-1
           307.5083 1.6309673801e0 3.7020105145e-1
           322.5083 1.6285237222e0 3.7815190922e-1
           347.5083 1.6244572026e0 3.9327357668e-1
           397.5083 1.6163553564e0 4.2887911569e-1
  /
  187.83754179 300.0000 1.6398747319e0 3.6176512617e-1
           310.0000 1.6382345558e0 3.6681788711e-1
           325.0000 1.6357800096e0 3.7469608421e-1
           350.0000 1.6316953707e0 3.8967955896e-1
           400.0000 1.6235574247e0 4.2495970887e-1
  /
/
PVDG
  1.0000 1.2397678969e0 1.2539453751e-2
  3.4917 3.4794984888e-1 1.2668078987e-2
  5.9833 2.0237375528e-1 1.2689326100e-2
  8.4750 1.4267926264e-1 1.2698059246e-2
  10.9667 1.1017946054e-1 1.2702818937e-2
  13.4583 8.9738600965e-2 1.2705814389e-2
  15.7895 7.6466277925e-2 1.2707760103e-2
  15.9500 7.5656670394e-2 1.2713548178e-2
  18.4417 6.4978053852e-2 1.2790388530e-2
  20.9333 5.6941065208e-2 1.2848835865e-2
  23.4250 5.0673388318e-2 1.2894788291e-2
  25.9167 4.5648696886e-2 1.2931865637e-2
  28.4083 4.1530590531e-2 1.2962412628e-2
  30.9000 3.8094014789e-2 1.2988014892e-2
  31.5789 3.7254018993e-2 1.2994288195e-2
  33.3917 3.5086834190e-2 1.3054722544e-2
  35.8833 3.2488960591e-2 1.3127912095e-2
  38.3750 3.0249266616e-2 1.3191672633e-2
  40.8667 2.8298453921e-2 1.3247715998e-2
  43.3583 2.6584017674e-2 1.3297363300e-2
  45.8500 2.5065450044e-2 1.3341650374e-2
  47.3684 2.4222250643e-2 1.3366368813e-2
  48.3417 2.3688970309e-2 1.3402618425e-2
  50.8333 2.2424988590e-2 1.3489327679e-2
  53.3250 2.1289059840e-2 1.3568215293e-2
  55.8167 2.0262662828e-2 1.3640293925e-2
  58.3083 1.9330683855e-2 1.3706408653e-2
  60.8000 1.8480667560e-2 1.3767270267e-2
  63.1579 1.7742378646e-2 1.3820572441e-2
  63.2917 1.7700777088e-2 1.3826154225e-2
  65.7833 1.6960063714e-2 1.3926297837e-2
  68.2750 1.6278852721e-2 1.4019685951e-2
  70.7667 1.5650251127e-2 1.4106979831e-2
  73.2583 1.5068391041e-2 1.4188757167e-2
  75.7500 1.4528245943e-2 1.4265524870e-2
  78.2417 1.4025485097e-2 1.4337729588e-2
  78.9474 1.3889352689e-2 1.4357406362e-2
  80.7333 1.3547358269e-2 1.4438072316e-2
  83.2250 1.3097433165e-2 1.4545586739e-2
  85.7167 1.2676432617e-2 1.4647649637e-2
  88.2083 1.2281654257e-2 1.4744665388e-2
  90.7000 1.1910722189e-2 1.4836999340e-2
  93.1917 1.1561539129e-2 1.4924982411e-2
  94.7368 1.1355099126e-2 1.4977491297e-2
  95.6833 1.1230266782e-2 1.5024771346e-2
  98.1750 1.0914396144e-2 1.5145750845e-2
  100.6667 1.0615808214e-2 1.5261916023e-2
  103.1583 1.0333122340e-2 1.5373548648e-2
  105.6500 1.0065101116e-2 1.5480908922e-2
  108.1417 9.8106322753e-3 1.5584237504e-2
  110.5263 9.5788582520e-3 1.5679558372e-2
  110.6333 9.5686816022e-3 1.5685377780e-2
  113.1250 9.3377059301e-3 1.5818630249e-2
  115.6167 9.1176183452e-3 1.5947724921e-2
  118.1083 8.9076666865e-3 1.6072853408e-2
  120.6000 8.7071665139e-3 1.6194195725e-2
  123.0917 8.5154936541e-3 1.6311921155e-2
  125.5833 8.3320777105e-3 1.6426189038e-2
  126.3158 8.2796535959e-3 1.6459143963e-2
  128.0750 8.1584308932e-3 1.6565327063e-2
  130.5667 7.9926873019e-3 1.6712744450e-2
  133.0583 7.8335439898e-3 1.6856781762e-2
  135.5500 7.6806143970e-3 1.6997553931e-2
  138.0417 7.5335415720e-3 1.7135170738e-2
  140.5333 7.3919953898e-3 1.7269737096e-2
  143.0250 7.2556700787e-3 1.7401353320e-2
  145.5167 7.1242820148e-3 1.7530115372e-2
  148.0083 6.9975677529e-3 1.7656115099e-2
  150.0000 6.8994771756e-3 1.7754903267e-2
  150.5000 6.8764219324e-3 1.7786807235e-2
  152.9917 6.7637894786e-3 1.7944331521e-2
  155.4833 6.6547872926e-3 1.8099458294e-2
  157.9750 6.5492426467e-3 1.8252241876e-2
  160.4667 6.4469936001e-3 1.8402734961e-2
  162.9583 6.3478881694e-3 1.8550988673e-2
  165.4500 6.2517835751e-3 1.8697052626e-2
  167.9417 6.1585455555e-3 1.8840974980e-2
  170.4333 6.0680477403e-3 1.8982802493e-2
  172.9250 5.9801710798e-3 1.9122580571e-2
  173.6842 5.9538987686e-3 1.9164770334e-2
  175.4167 5.8982707950e-3 1.9275401164e-2
  177.9083 5.8200635098e-3 1.9433114688e-2
  180.4000 5.7439030419e-3 1.9589200930e-2
  182.8917 5.6697100762e-3 1.9743684946e-2
  185.3833 5.5974093434e-3 1.9896591280e-2
  187.8750 5.5269293650e-3 2.0047943978e-2
  189.4737 5.4826357800e-3 2.0144246483e-2
  190.3667 5.4596151884e-3 2.0201798736e-2
  192.8583 5.3963918279e-3 2.0361564435e-2
  195.3500 5.3346159816e-3 2.0520132156e-2
  197.8417 5.2742385002e-3 2.0677515323e-2
  200.3333 5.2152124348e-3 2.0833727161e-2
  202.8250 5.1574929149e-3 2.0988780698e-2
  205.2632 5.1022364406e-3 2.1139395526e-2
  205.3167 5.1011140467e-3 2.1142838801e-2
  207.8083 5.0493904643e-3 2.1302742318e-2
  210.3000 4.9987052723e-3 2.1461799525e-2
  212.7917 4.9490275120e-3 2.1620017121e-2
  215.2833 4.9003274429e-3 2.1777401738e-2
  217.7750 4.8525764838e-3 2.1933959937e-2
  220.2667 4.8057471569e-3 2.2089698209e-2
  221.0526 4.7911623853e-3 2.2138654809e-2
  222.7583 4.7619341197e-3 2.2247152438e-2
  225.2500 4.7198731455e-3 2.2405165671e-2
  227.7417 4.6785486940e-3 2.2562613328e-2
  230.2333 4.6379415873e-3 2.2719498439e-2
  232.7250 4.5980333078e-3 2.2875824015e-2
  235.2167 4.5588059696e-3 2.3031593042e-2
  236.8421 4.5335747564e-3 2.3132910417e-2
  237.7083 4.5211732692e-3 2.3187181933e-2
  240.2000 4.4858762552e-3 2.3343052286e-2
  242.6917 4.4511261028e-3 2.3498568509e-2
  245.1833 4.4169102007e-3 2.3653731810e-2
  247.6750 4.3832163225e-3 2.3808543387e-2
  250.1667 4.3500326122e-3 2.3963004434e-2
  252.6316 4.3176959180e-3 2.4115463212e-2
  252.6583 4.3173721229e-3 2.4117107058e-2
  255.1500 4.2874281001e-3 2.4270101932e-2
  257.6417 4.2578965823e-3 2.4422902359e-2
  260.1333 4.2287691037e-3 2.4575508710e-2
  262.6250 4.2000374288e-3 2.4727921354e-2
  265.1167 4.1716935444e-3 2.4880140659e-2
  267.6083 4.1437296520e-3 2.5032166994e-2
  268.4211 4.1346894373e-3 2.5081712504e-2
  270.1000 4.1174292324e-3 2.5182556963e-2
  272.5917 4.0920779572e-3 2.5332153253e-2
  275.0833 4.0670369505e-3 2.5481673816e-2
  277.5750 4.0423005510e-3 2.5631118711e-2
  280.0667 4.0178632342e-3 2.5780487994e-2
  282.5583 3.9937196086e-3 2.5929781722e-2
  284.2105 3.9778696288e-3 2.6028734894e-2
  285.0500 3.9704120922e-3 2.6077963037e-2
  287.5417 3.9484409142e-3 2.6224086079e-2
  290.0333 3.9267115630e-3 2.6370220398e-2
  292.5250 3.9052200679e-3 2.6516365992e-2
  295.0167 3.8839625447e-3 2.6662522865e-2
  297.5083 3.8629351934e-3 2.6808691018e-2
  300.0000 3.8421342957e-3 2.6954870451e-2
/
SOLUTION
PRESSURE
 2.8000000000e2 2.8000000000e2 2.8000000000e2 2.8000000000e2 2.8000000000e2 2.8000000000e2
 2.8000000000e2 2.8000000000e2 2.8000000000e2 2.8000000000e2 2.8000000000e2 2.8000000000e2
 2.8000000000e2 2.8000000000e2 2.8000000000e2 2.8000000000e2 2.8000000000e2 2.8000000000e2
 2.8000000000e2 2.8000000000e2 2.8000000000e2 2.8000000000e2 2.8000000000e2 2.8000000000e2
 2.8000000000e2 2.8000000000e2 2.8000000000e2 2.8000000000e2 2.8000000000e2 2.8000000000e2
 2.8000000000e2 2.8000000000e2 2.8000000000e2 2.8000000000e2 2.8000000000e2 2.8000000000e2
 2.8000000000e2 2.8000000000e2 2.8000000000e2 2.8000000000e2 2.8000000000e2 2.8000000000e2
 2.8000000000e2 2.8000000000e2 2.8000000000e2 2.8000000000e2 2.8000000000e2 2.8000000000e2
 /
SWAT
 1.0000000000e-1 1.0000000000e-1 1.0000000000e-1 1.0000000000e-1 1.0000000000e-1 1.0000000000e-1
 1.0000000000e-1 1.0000000000e-1 1.0000000000e-1 1.0000000000e-1 1.0000000000e-1 1.0000000000e-1
 1.0000000000e-1 1.0000000000e-1 1.0000000000e-1 1.0000000000e-1 1.0000000000e-1 1.0000000000e-1
 1.0000000000e-1 1.0000000000e-1 1.0000000000e-1 1.0000000000e-1 1.0000000000e-1 1.0000000000e-1
 1.0000000000e-1 1.0000000000e-1 1.0000000000e-1 1.0000000000e-1 1.0000000000e-1 1.0000000000e-1
 1.0000000000e-1 1.0000000000e-1 1.0000000000e-1 1.0000000000e-1 1.0000000000e-1 1.0000000000e-1
 1.0000000000e-1 1.0000000000e-1 1.0000000000e-1 1.0000000000e-1 1.0000000000e-1 1.0000000000e-1
 1.0000000000e-1 1.0000000000e-1 1.0000000000e-1 1.0000000000e-1 1.0000000000e-1 1.0000000000e-1
 /
SGAS
 0.0000000000e0 0.0000000000e0 0.0000000000e0 0.0000000000e0 0.0000000000e0 0.0000000000e0
 0.0000000000e0 0.0000000000e0 0.0000000000e0 0.0000000000e0 0.0000000000e0 0.0000000000e0
 0.0000000000e0 0.0000000000e0 0.0000000000e0 0.0000000000e0 0.0000000000e0 0.0000000000e0
 0.0000000000e0 0.0000000000e0 0.0000000000e0 0.0000000000e0 0.0000000000e0 0.0000000000e0
 0.0000000000e0 0.0000000000e0 0.0000000000e0 0.0000000000e0 0.0000000000e0 0.0000000000e0
 0.0000000000e0 0.0000000000e0 0.0000000000e0 0.0000000000e0 0.0000000000e0 0.0000000000e0
 0.0000000000e0 0.0000000000e0 0.0000000000e0 0.0000000000e0 0.0000000000e0 0.0000000000e0
 0.0000000000e0 0.0000000000e0 0.0000000000e0 0.0000000000e0 0.0000000000e0 0.0000000000e0
 /
RS
 9.3042891629e1 9.3042891629e1 9.3042891629e1 9.3042891629e1 9.3042891629e1 9.3042891629e1
 9.3042891629e1 9.3042891629e1 9.3042891629e1 9.3042891629e1 9.3042891629e1 9.3042891629e1
 9.3042891629e1 9.3042891629e1 9.3042891629e1 9.3042891629e1 9.3042891629e1 9.3042891629e1
 9.3042891629e1 9.3042891629e1 9.3042891629e1 9.3042891629e1 9.3042891629e1 9.3042891629e1
 9.3042891629e1 9.3042891629e1 9.3042891629e1 9.3042891629e1 9.3042891629e1 9.3042891629e1
 9.3042891629e1 9.3042891629e1 9.3042891629e1 9.3042891629e1 9.3042891629e1 9.3042891629e1
 9.3042891629e1 9.3042891629e1 9.3042891629e1 9.3042891629e1 9.3042891629e1 9.3042891629e1
 9.3042891629e1 9.3042891629e1 9.3042891629e1 9.3042891629e1 9.3042891629e1 9.3042891629e1
 /
SUMMARY
FOPR
FWPR
FWIR
FOPT
FWPT
FWIT
FPR
FGPR
FGPT
FGOR
WBHP
/
RUNSUM
SEPARATE
SCHEDULE
RPTRST
  BASIC=2 /
WELSPECS
  'PROD' 'G' 48 1 1* 'OIL' /
/
COMPDAT
  'PROD' 48 1 1 1 'OPEN' 2* 0.2 /
/
WCONPROD
  'PROD' 'OPEN' 'ORAT' 3 4* 1 /
/
TSTEP
  480*0.75 /
END
