-- Generated by src/lib/ressim/src/tests/opm_small_direct.rs; do not edit by hand.
-- Case gas-drive-20: three_phase_acceptance gas_drive: saturated solution-gas drive, 20 cells, BHP producer, redissolution on.
-- Tables are ResSim's own relperm/PVT functions sampled onto dense nodes.
-- Run with: flow CASE.DATA --enable-gravity=false
RUNSPEC
TITLE
  ressim small-direct gas-drive-20 /
DIMENS
  20 1 1 /
OIL
WATER
GAS
DISGAS
METRIC
TABDIMS
  1 1 250 250 1 250 /
WELLDIMS
  2 1 1 2 /
START
  1 JAN 2026 /
UNIFOUT
GRID
INIT
DX
 5.0000000000e1 5.0000000000e1 5.0000000000e1 5.0000000000e1 5.0000000000e1 5.0000000000e1
 5.0000000000e1 5.0000000000e1 5.0000000000e1 5.0000000000e1 5.0000000000e1 5.0000000000e1
 5.0000000000e1 5.0000000000e1 5.0000000000e1 5.0000000000e1 5.0000000000e1 5.0000000000e1
 5.0000000000e1 5.0000000000e1 /
DY
 5.0000000000e1 5.0000000000e1 5.0000000000e1 5.0000000000e1 5.0000000000e1 5.0000000000e1
 5.0000000000e1 5.0000000000e1 5.0000000000e1 5.0000000000e1 5.0000000000e1 5.0000000000e1
 5.0000000000e1 5.0000000000e1 5.0000000000e1 5.0000000000e1 5.0000000000e1 5.0000000000e1
 5.0000000000e1 5.0000000000e1 /
DZ
 1.0000000000e1 1.0000000000e1 1.0000000000e1 1.0000000000e1 1.0000000000e1 1.0000000000e1
 1.0000000000e1 1.0000000000e1 1.0000000000e1 1.0000000000e1 1.0000000000e1 1.0000000000e1
 1.0000000000e1 1.0000000000e1 1.0000000000e1 1.0000000000e1 1.0000000000e1 1.0000000000e1
 1.0000000000e1 1.0000000000e1 /
TOPS
 1.0000000000e3 1.0000000000e3 1.0000000000e3 1.0000000000e3 1.0000000000e3 1.0000000000e3
 1.0000000000e3 1.0000000000e3 1.0000000000e3 1.0000000000e3 1.0000000000e3 1.0000000000e3
 1.0000000000e3 1.0000000000e3 1.0000000000e3 1.0000000000e3 1.0000000000e3 1.0000000000e3
 1.0000000000e3 1.0000000000e3 /
PORO
 2.0000000000e-1 2.0000000000e-1 2.0000000000e-1 2.0000000000e-1 2.0000000000e-1 2.0000000000e-1
 2.0000000000e-1 2.0000000000e-1 2.0000000000e-1 2.0000000000e-1 2.0000000000e-1 2.0000000000e-1
 2.0000000000e-1 2.0000000000e-1 2.0000000000e-1 2.0000000000e-1 2.0000000000e-1 2.0000000000e-1
 2.0000000000e-1 2.0000000000e-1 /
PERMX
 1.0000000000e2 1.0000000000e2 1.0000000000e2 1.0000000000e2 1.0000000000e2 1.0000000000e2
 1.0000000000e2 1.0000000000e2 1.0000000000e2 1.0000000000e2 1.0000000000e2 1.0000000000e2
 1.0000000000e2 1.0000000000e2 1.0000000000e2 1.0000000000e2 1.0000000000e2 1.0000000000e2
 1.0000000000e2 1.0000000000e2 /
PERMY
 1.0000000000e2 1.0000000000e2 1.0000000000e2 1.0000000000e2 1.0000000000e2 1.0000000000e2
 1.0000000000e2 1.0000000000e2 1.0000000000e2 1.0000000000e2 1.0000000000e2 1.0000000000e2
 1.0000000000e2 1.0000000000e2 1.0000000000e2 1.0000000000e2 1.0000000000e2 1.0000000000e2
 1.0000000000e2 1.0000000000e2 /
PERMZ
 1.0000000000e1 1.0000000000e1 1.0000000000e1 1.0000000000e1 1.0000000000e1 1.0000000000e1
 1.0000000000e1 1.0000000000e1 1.0000000000e1 1.0000000000e1 1.0000000000e1 1.0000000000e1
 1.0000000000e1 1.0000000000e1 1.0000000000e1 1.0000000000e1 1.0000000000e1 1.0000000000e1
 1.0000000000e1 1.0000000000e1 /
PROPS
PVTW
  200 1 3e-6 0.5 0 /
ROCK
  200 1e-6 /
DENSITY
  800 1000 0.9172 /
STONE2
SWOF
  0.20000000 0.0000000000e0 1.0000000000e0 0
  0.20888889 7.4804587625e-5 9.7283658412e-1 0
  0.21777778 2.9921835050e-4 9.4604719118e-1 0
  0.22666667 6.7324128863e-4 9.1963182117e-1 0
  0.23555556 1.1968734020e-3 8.9359047410e-1 0
  0.24444444 1.8701146906e-3 8.6792314997e-1 0
  0.25333333 2.6929651545e-3 8.4262984878e-1 0
  0.26222222 3.6654247936e-3 8.1771057053e-1 0
  0.27111111 4.7874936080e-3 7.9316531522e-1 0
  0.28000000 6.0591715976e-3 7.6899408284e-1 0
  0.28888889 7.4804587625e-3 7.4519687340e-1 0
  0.29777778 9.0513551026e-3 7.2177368690e-1 0
  0.30666667 1.0771860618e-2 6.9872452334e-1 0
  0.31555556 1.2641975309e-2 6.7604938272e-1 0
  0.32444444 1.4661699175e-2 6.5374826503e-1 0
  0.33333333 1.6831032216e-2 6.3182117028e-1 0
  0.34222222 1.9149974432e-2 6.1026809847e-1 0
  0.35111111 2.1618525824e-2 5.8908904960e-1 0
  0.36000000 2.4236686391e-2 5.6828402367e-1 0
  0.36888889 2.7004456133e-2 5.4785302067e-1 0
  0.37777778 2.9921835050e-2 5.2779604062e-1 0
  0.38666667 3.2988823143e-2 5.0811308350e-1 0
  0.39555556 3.6205420411e-2 4.8880414932e-1 0
  0.40444444 3.9571626854e-2 4.6986923807e-1 0
  0.41333333 4.3087442472e-2 4.5130834977e-1 0
  0.42222222 4.6752867266e-2 4.3312148440e-1 0
  0.43111111 5.0567901235e-2 4.1530864198e-1 0
  0.44000000 5.4532544379e-2 3.9786982249e-1 0
  0.44888889 5.8646796698e-2 3.8080502593e-1 0
  0.45777778 6.2910658193e-2 3.6411425232e-1 0
  0.46666667 6.7324128863e-2 3.4779750164e-1 0
  0.47555556 7.1887208708e-2 3.3185477391e-1 0
  0.48444444 7.6599897728e-2 3.1628606911e-1 0
  0.49333333 8.1462195924e-2 3.0109138725e-1 0
  0.50222222 8.6474103295e-2 2.8627072832e-1 0
  0.51111111 9.1635619841e-2 2.7182409234e-1 0
  0.52000000 9.6946745562e-2 2.5775147929e-1 0
  0.52888889 1.0240748046e-1 2.4405288918e-1 0
  0.53777778 1.0801782453e-1 2.3072832201e-1 0
  0.54666667 1.1377777778e-1 2.1777777778e-1 0
  0.55555556 1.1968734020e-1 2.0520125648e-1 0
  0.56444444 1.2574651180e-1 1.9299875813e-1 0
  0.57333333 1.3195529257e-1 1.8117028271e-1 0
  0.58222222 1.3831368252e-1 1.6971583023e-1 0
  0.59111111 1.4482168164e-1 1.5863540069e-1 0
  0.60000000 1.5147928994e-1 1.4792899408e-1 0
  0.60888889 1.5828650741e-1 1.3759661042e-1 0
  0.61777778 1.6524333406e-1 1.2763824969e-1 0
  0.62666667 1.7234976989e-1 1.1805391190e-1 0
  0.63555556 1.7960581489e-1 1.0884359705e-1 0
  0.64444444 1.8701146906e-1 1.0000730514e-1 0
  0.65333333 1.9456673241e-1 9.1545036160e-2 0
  0.66222222 2.0227160494e-1 8.3456790123e-2 0
  0.67111111 2.1012608664e-1 7.5742567025e-2 0
  0.68000000 2.1813017751e-1 6.8402366864e-2 0
  0.68888889 2.2628387757e-1 6.1436189641e-2 0
  0.69777778 2.3458718679e-1 5.4844035357e-2 0
  0.70666667 2.4304010519e-1 4.8625904011e-2 0
  0.71555556 2.5164263277e-1 4.2781795602e-2 0
  0.72444444 2.6039476952e-1 3.7311710132e-2 0
  0.73333333 2.6929651545e-1 3.2215647600e-2 0
  0.74222222 2.7834787055e-1 2.7493608006e-2 0
  0.75111111 2.8754883483e-1 2.3145591351e-2 0
  0.76000000 2.9689940828e-1 1.9171597633e-2 0
  0.76888889 3.0639959091e-1 1.5571626854e-2 0
  0.77777778 3.1604938272e-1 1.2345679012e-2 0
  0.78666667 3.2584878369e-1 9.4937541091e-3 0
  0.79555556 3.3579779385e-1 7.0158521441e-3 0
  0.80444444 3.4589641318e-1 4.9119731171e-3 0
  0.81333333 3.5614464168e-1 3.1821170283e-3 0
  0.82222222 3.6654247936e-1 1.8262838776e-3 0
  0.83111111 3.7708992622e-1 8.4447366499e-4 0
  0.84000000 3.8778698225e-1 2.3668639053e-4 0
  0.84888889 3.9863364745e-1 2.9220542041e-6 0
  0.85000000 4.0000000000e-1 1.8233656278e-33 0
  0.85777778 4.0000000000e-1 0.0000000000e0 0
  0.86666667 4.0000000000e-1 0.0000000000e0 0
  0.87555556 4.0000000000e-1 0.0000000000e0 0
  0.88444444 4.0000000000e-1 0.0000000000e0 0
  0.89333333 4.0000000000e-1 0.0000000000e0 0
  0.90222222 4.0000000000e-1 0.0000000000e0 0
  0.91111111 4.0000000000e-1 0.0000000000e0 0
  0.92000000 4.0000000000e-1 0.0000000000e0 0
  0.92888889 4.0000000000e-1 0.0000000000e0 0
  0.93777778 4.0000000000e-1 0.0000000000e0 0
  0.94666667 4.0000000000e-1 0.0000000000e0 0
  0.95555556 4.0000000000e-1 0.0000000000e0 0
  0.96444444 4.0000000000e-1 0.0000000000e0 0
  0.97333333 4.0000000000e-1 0.0000000000e0 0
  0.98222222 4.0000000000e-1 0.0000000000e0 0
  0.99111111 4.0000000000e-1 0.0000000000e0 0
  1.00000000 4.0000000000e-1 0.0000000000e0 0
/
SGOF
  0.00000000 0.0000000000e0 1.0000000000e0 0
  0.00888889 0.0000000000e0 9.7058984911e-1 0
  0.01777778 0.0000000000e0 9.4161865569e-1 0
  0.02666667 0.0000000000e0 9.1308641975e-1 0
  0.03555556 0.0000000000e0 8.8499314129e-1 0
  0.04444444 0.0000000000e0 8.5733882030e-1 0
  0.05000000 0.0000000000e0 8.4027777778e-1 0
  0.05002065 1.2814316612e-7 8.4021469409e-1 0
  0.05002455 1.6618112649e-7 8.4020275848e-1 0
  0.05002920 2.1551025807e-7 8.4018856467e-1 0
  0.05003472 2.7948222709e-7 8.4017168545e-1 0
  0.05004129 3.6244360692e-7 8.4015161278e-1 0
  0.05004910 4.7003120578e-7 8.4012774253e-1 0
  0.05005840 6.0955505957e-7 8.4009935630e-1 0
  0.05006944 7.9049511199e-7 8.4006559982e-1 0
  0.05008258 1.0251453290e-6 8.4002545725e-1 0
  0.05009821 1.3294490119e-6 8.3997772067e-1 0
  0.05011679 1.7240820645e-6 8.3992095376e-1 0
  0.05013889 2.2358578167e-6 8.3985344865e-1 0
  0.05016517 2.8995488553e-6 8.3977317461e-1 0
  0.05019642 3.7602496462e-6 8.3967771715e-1 0
  0.05023358 4.8764404766e-6 8.3956420553e-1 0
  0.05027778 6.3239608959e-6 8.3942922668e-1 0
  0.05033034 8.2011626319e-6 8.3926872300e-1 0
  0.05039284 1.0635592095e-5 8.3907787086e-1 0
  0.05046716 1.3792656516e-5 8.3885093639e-1 0
  0.05055556 1.7886862534e-5 8.3858110425e-1 0
  0.05066067 2.3196390843e-5 8.3826027446e-1 0
  0.05078567 3.0081997170e-5 8.3787882128e-1 0
  0.05093433 3.9011523813e-5 8.3742530746e-1 0
  0.05111111 5.0591687168e-5 8.3688614540e-1 0
  0.05132134 6.5609301055e-5 8.3624519606e-1 0
  0.05157135 8.5084736762e-5 8.3548329415e-1 0
  0.05186866 1.1034125213e-4 8.3457768699e-1 0
  0.05222222 1.4309490027e-4 8.3350137174e-1 0
  0.05264268 1.8557112674e-4 8.3222231401e-1 0
  0.05314270 2.4065597736e-4 8.3070252794e-1 0
  0.05333333 2.6288211784e-4 8.3012345679e-1 0
  0.05373732 3.1209219050e-4 8.2889699556e-1 0
  0.05444444 4.0473349734e-4 8.2675240055e-1 0
  0.05528536 5.2487440844e-4 8.2420564898e-1 0
  0.05628539 6.8067789409e-4 8.2118214778e-1 0
  0.05747463 8.8273001704e-4 8.1759381079e-1 0
  0.05888889 1.1447592022e-3 8.1333676269e-1 0
  0.06057073 1.4845690139e-3 8.0828871508e-1 0
  0.06222222 1.8457300823e-3 8.0334705075e-1 0
  0.06257079 1.9252478189e-3 8.0230599652e-1 0
  0.06494927 2.4967375240e-3 7.9522023360e-1 0
  0.06777778 3.2378679787e-3 7.8683470508e-1 0
  0.07111111 4.1899569832e-3 7.7700960219e-1 0
  0.07114146 4.1989952675e-3 7.7692043200e-1 0
  0.07514157 5.4454231528e-3 7.6521213022e-1 0
  0.07989854 7.0618401363e-3 7.5140424866e-1 0
  0.08000000 7.0978171818e-3 7.5111111111e-1 0
  0.08555556 9.1580736174e-3 7.3514746228e-1 0
  0.08888889 1.0475656018e-2 7.2565157750e-1 0
  0.09228292 1.1876552111e-2 7.1604620468e-1 0
  0.09777778 1.4265330773e-2 7.0063100137e-1 0
  0.10028315 1.5401982551e-2 6.9365814247e-1 0
  0.10666667 1.8426142562e-2 6.7604938272e-1 0
  0.10979708 1.9973900192e-2 6.6749695647e-1 0
  0.11555556 2.2927525243e-2 6.5190672154e-1 0
  0.12444444 2.7745424055e-2 6.2820301783e-1 0
  0.13333333 3.2860264731e-2 6.0493827160e-1 0
  0.14222222 3.8255713065e-2 5.8211248285e-1 0
  0.15111111 4.3917868226e-2 5.5972565158e-1 0
  0.16000000 4.9834712222e-2 5.3777777778e-1 0
  0.16888889 5.5995719498e-2 5.1626886145e-1 0
  0.17777778 6.2391571313e-2 4.9519890261e-1 0
  0.18666667 6.9013941275e-2 4.7456790123e-1 0
  0.19555556 7.5855330743e-2 4.5437585734e-1 0
  0.20444444 8.2908940098e-2 4.3462277092e-1 0
  0.21333333 9.0168566421e-2 4.1530864198e-1 0
  0.22222222 9.7628520988e-2 3.9643347051e-1 0
  0.23111111 1.0528356192e-1 3.7799725652e-1 0
  0.24000000 1.1312883855e-1 3.6000000000e-1 0
  0.24888889 1.2115984506e-1 3.4244170096e-1 0
  0.25777778 1.2937238146e-1 3.2532235940e-1 0
  0.26666667 1.3776252045e-1 3.0864197531e-1 0
  0.27555556 1.4632657914e-1 2.9240054870e-1 0
  0.28444444 1.5506109473e-1 2.7659807956e-1 0
  0.29333333 1.6396280336e-1 2.6123456790e-1 0
  0.30222222 1.7302862181e-1 2.4631001372e-1 0
  0.31111111 1.8225563141e-1 2.3182441701e-1 0
  0.32000000 1.9164106391e-1 2.1777777778e-1 0
  0.32888889 2.0118228895e-1 2.0417009602e-1 0
  0.33777778 2.1087680305e-1 1.9100137174e-1 0
  0.34666667 2.2072221963e-1 1.7827160494e-1 0
  0.35555556 2.3071626029e-1 1.6598079561e-1 0
  0.36444444 2.4085674678e-1 1.5412894376e-1 0
  0.37333333 2.5114159394e-1 1.4271604938e-1 0
  0.38222222 2.6156880321e-1 1.3174211248e-1 0
  0.39111111 2.7213645682e-1 1.2120713306e-1 0
  0.40000000 2.8284271247e-1 1.1111111111e-1 0
  0.40888889 2.9368579854e-1 1.0145404664e-1 0
  0.41777778 3.0466400964e-1 9.2235939643e-2 0
  0.42666667 3.1577570260e-1 8.3456790123e-2 0
  0.43555556 3.2701929279e-1 7.5116598080e-2 0
  0.44444444 3.3839325070e-1 6.7215363512e-2 0
  0.45333333 3.4989609885e-1 5.9753086420e-2 0
  0.46222222 3.6152640887e-1 5.2729766804e-2 0
  0.47111111 3.7328279884e-1 4.6145404664e-2 0
  0.48000000 3.8516393087e-1 4.0000000000e-2 0
  0.48888889 3.9716850876e-1 3.4293552812e-2 0
  0.49777778 4.0929527589e-1 2.9026063100e-2 0
  0.50666667 4.2154301327e-1 2.4197530864e-2 0
  0.51555556 4.3391053768e-1 1.9807956104e-2 0
  0.52444444 4.4639669994e-1 1.5857338820e-2 0
  0.53333333 4.5900038334e-1 1.2345679012e-2 0
  0.54222222 4.7172050212e-1 9.2729766804e-3 0
  0.55111111 4.8455600006e-1 6.6392318244e-3 0
  0.56000000 4.9750584918e-1 4.4444444444e-3 0
  0.56888889 5.1056904851e-1 2.6886145405e-3 0
  0.57777778 5.2374462290e-1 1.3717421125e-3 0
  0.58666667 5.3703162194e-1 4.9382716049e-4 0
  0.59555556 5.5042911895e-1 5.4869684499e-5 0
  0.60000000 5.5716902084e-1 0.0000000000e0 0
  0.60444444 5.6393620997e-1 0.0000000000e0 0
  0.61333333 5.7755201290e-1 0.0000000000e0 0
  0.62222222 5.9127566659e-1 0.0000000000e0 0
  0.63111111 6.0510633002e-1 0.0000000000e0 0
  0.64000000 6.1904318156e-1 0.0000000000e0 0
  0.64888889 6.3308541823e-1 0.0000000000e0 0
  0.65777778 6.4723225497e-1 0.0000000000e0 0
  0.66666667 6.6148292403e-1 0.0000000000e0 0
  0.67555556 6.7583667431e-1 0.0000000000e0 0
  0.68444444 6.9029277078e-1 0.0000000000e0 0
  0.69333333 7.0485049391e-1 0.0000000000e0 0
  0.70222222 7.1950913915e-1 0.0000000000e0 0
  0.71111111 7.3426801639e-1 0.0000000000e0 0
  0.72000000 7.4912644948e-1 0.0000000000e0 0
  0.72888889 7.6408377580e-1 0.0000000000e0 0
  0.73777778 7.7913934576e-1 0.0000000000e0 0
  0.74666667 7.9429252242e-1 0.0000000000e0 0
  0.75555556 8.0000000000e-1 0.0000000000e0 0
  0.76444444 8.0000000000e-1 0.0000000000e0 0
  0.77333333 8.0000000000e-1 0.0000000000e0 0
  0.78222222 8.0000000000e-1 0.0000000000e0 0
  0.79111111 8.0000000000e-1 0.0000000000e0 0
  0.80000000 8.0000000000e-1 0.0000000000e0 0
/
PVTO
  0.22227000 1.0000 1.0540400000e0 2.2630100000e0
           11.0000 1.0539346013e0 2.2632363123e0
           26.0000 1.0537765229e0 2.2635758232e0
           51.0000 1.0535131117e0 2.2641417879e0
           101.0000 1.0529864868e0 2.2652741419e0
           300.0000 1.0508931273e0 2.2697865258e0
  /
  1.22531683 3.4917 1.0562888008e0 2.1821827456e0
           13.4917 1.0561831772e0 2.1824009748e0
           28.4917 1.0560247616e0 2.1827283595e0
           53.4917 1.0557607884e0 2.1832741098e0
           103.4917 1.0552330400e0 2.1843660198e0
           300.0000 1.0531614552e0 2.1886627014e0
  /
  2.22836366 5.9833 1.0585472178e0 2.1066195013e0
           15.9833 1.0584413683e0 2.1068301738e0
           30.9833 1.0582826140e0 2.1071462220e0
           55.9833 1.0580180765e0 2.1076730744e0
           105.9833 1.0574891997e0 2.1087271745e0
           300.0000 1.0554394834e0 2.1128224281e0
  /
  3.23141049 8.4750 1.0608153127e0 2.0358222431e0
           18.4750 1.0607092365e0 2.0360258355e0
           33.4750 1.0605501421e0 2.0363312623e0
           58.4750 1.0602850377e0 2.0368404088e0
           108.4750 1.0597550277e0 2.0378590836e0
           300.0000 1.0577272743e0 2.0417658332e0
  /
  4.23445732 10.9667 1.0630931480e0 1.9693538501e0
           20.9667 1.0629868440e0 1.9695507954e0
           35.9667 1.0628274080e0 1.9698462502e0
           60.9667 1.0625617343e0 1.9703387733e0
           110.9667 1.0620305863e0 1.9713241890e0
           300.0000 1.0600248908e0 1.9750541732e0
  /
  5.23750415 13.4583 1.0653807865e0 1.9068290707e0
           23.4583 1.0652742538e0 1.9070197632e0
           38.4583 1.0651144746e0 1.9073058376e0
           63.4583 1.0648482293e0 1.9077827236e0
           113.4583 1.0643159383e0 1.9087368535e0
           300.0000 1.0623323962e0 1.9123007661e0
  /
  6.17594000 15.7895 1.0675300000e0 1.8516000000e0
           25.7895 1.0674232523e0 1.8517851693e0
           40.7895 1.0672631509e0 1.8520629579e0
           65.7895 1.0669963684e0 1.8525260315e0
           115.7895 1.0664630036e0 1.8534525261e0
           300.0000 1.0645002751e0 1.8568699269e0
  /
  6.25787150 15.9500 1.0677179269e0 1.8474201690e0
           25.9500 1.0676111605e0 1.8476049203e0
           40.9500 1.0674510308e0 1.8478820818e0
           65.9500 1.0671842014e0 1.8483441101e0
           115.9500 1.0666507427e0 1.8492685132e0
           300.0000 1.0646893775e0 1.8526752260e0
  /
  7.52980915 18.4417 1.0706438899e0 1.7846931059e0
           28.4417 1.0705368309e0 1.7848715842e0
           43.4417 1.0703762624e0 1.7851393350e0
           68.4417 1.0701087018e0 1.7855856756e0
           118.4417 1.0695737812e0 1.7864786917e0
           300.0000 1.0676336426e0 1.7897251388e0
  /
  8.80174680 20.9333 1.0735859335e0 1.7257743509e0
           30.9333 1.0734785803e0 1.7259469369e0
           45.9333 1.0733175706e0 1.7262058484e0
           70.9333 1.0730492747e0 1.7266374538e0
           120.9333 1.0725128842e0 1.7275009884e0
           300.0000 1.0705940896e0 1.7305971381e0
  /
  10.07368445 23.4250 1.0765441907e0 1.6703273047e0
           33.4250 1.0764365416e0 1.6704943458e0
           48.4250 1.0762750883e0 1.6707449387e0
           73.4250 1.0760060531e0 1.6711626772e0
           123.4250 1.0754681846e0 1.6719984674e0
           300.0000 1.0735708522e0 1.6749534068e0
  /
  11.34562210 25.9167 1.0795187958e0 1.6180539003e0
           35.9167 1.0794108493e0 1.6182157137e0
           50.9167 1.0792489498e0 1.6184584643e0
           75.9167 1.0789791713e0 1.6188631295e0
           125.9167 1.0784398166e0 1.6196727635e0
           300.0000 1.0765640658e0 1.6224947994e0
  /
  12.61755975 28.4083 1.0825098848e0 1.5686892423e0
           38.4083 1.0824016392e0 1.5688461191e0
           53.4083 1.0822392911e0 1.5690814636e0
           78.4083 1.0819687651e0 1.5694737830e0
           128.4083 1.0814279160e0 1.5702587162e0
           300.0000 1.0795738669e0 1.5729554623e0
  /
  13.88949740 30.9000 1.0855175950e0 1.5219971176e0
           40.9000 1.0854090486e0 1.5221493250e0
           55.9000 1.0852462495e0 1.5223776645e0
           80.9000 1.0849749718e0 1.5227583065e0
           130.9000 1.0844326200e0 1.5235198760e0
           300.0000 1.0826003940e0 1.5260983276e0
  /
  14.23606000 31.5789 1.0863400000e0 1.5097100000e0
           41.5789 1.0862313714e0 1.5098609785e0
           56.5789 1.0860684489e0 1.5100874747e0
           81.5789 1.0857969658e0 1.5104650437e0
           131.5789 1.0852542030e0 1.5112204651e0
           300.0000 1.0834279443e0 1.5137678238e0
  /
  15.26556268 33.3917 1.0887736426e0 1.4781522741e0
           43.3917 1.0886647706e0 1.4783000967e0
           58.3917 1.0885014832e0 1.4785218584e0
           83.3917 1.0882293918e0 1.4788915350e0
           133.3917 1.0876854131e0 1.4796311657e0
           300.0000 1.0858747474e0 1.4820984093e0
  /
  16.68062483 35.8833 1.0921365584e0 1.4366546009e0
           45.8833 1.0920273502e0 1.4367982736e0
           60.8833 1.0918635584e0 1.4370138095e0
           85.8833 1.0915906266e0 1.4373731078e0
           135.8833 1.0910449677e0 1.4380919741e0
           300.0000 1.0892558496e0 1.4404540605e0
  /
  18.09568698 38.3750 1.0955203128e0 1.3971868927e0
           48.3750 1.0954107663e0 1.3973266184e0
           63.3750 1.0952464670e0 1.3975362331e0
           88.3750 1.0949726896e0 1.3978856609e0
           138.3750 1.0944253401e0 1.3985847785e0
           300.0000 1.0926579038e0 1.4008470688e0
  /
  19.51074913 40.8667 1.0989251001e0 1.3596037543e0
           50.8667 1.0988152131e0 1.3597397215e0
           65.8667 1.0986504032e0 1.3599436977e0
           90.8667 1.0983757749e0 1.3602837262e0
           140.8667 1.0978267243e0 1.3609640381e0
           300.0000 1.0960811053e0 1.3631315097e0
  /
  20.92581128 43.3583 1.1023511170e0 1.3237733518e0
           53.3583 1.1022408874e0 1.3239057358e0
           68.3583 1.1020755636e0 1.3241043365e0
           93.3583 1.1018000792e0 1.3244354040e0
           143.3583 1.1012493168e0 1.3250977873e0
           300.0000 1.0995256519e0 1.3271750690e0
  /
  22.34087343 45.8500 1.1057985626e0 1.2895758676e0
           55.8500 1.1056879883e0 1.2897048316e0
           70.8500 1.1055221475e0 1.2898983019e0
           95.8500 1.1052458015e0 1.2902208168e0
           145.8500 1.1046933167e0 1.2908660885e0
           300.0000 1.1029917438e0 1.2928574930e0
  /
  23.20320000 47.3684 1.1079100000e0 1.2694900000e0
           57.3684 1.1077992145e0 1.2696169553e0
           72.3684 1.1076330571e0 1.2698074122e0
           97.3684 1.1073561835e0 1.2701249037e0
           147.3684 1.1068026438e0 1.2707601250e0
           300.0000 1.1051146018e0 1.2727011874e0
  /
  23.79569099 48.3417 1.1093474548e0 1.2574542078e0
           58.3417 1.1092365256e0 1.2575799595e0
           73.3417 1.1090701526e0 1.2577686106e0
           98.3417 1.1087929197e0 1.2580830921e0
           148.3417 1.1082386618e0 1.2587122909e0
           300.0000 1.1065591994e0 1.2606226812e0
  /
  25.31253125 50.8333 1.1130445475e0 1.2275218595e0
           60.8333 1.1129332486e0 1.2276446178e0
           75.8333 1.1127663212e0 1.2278287783e0
           100.8333 1.1124881644e0 1.2281357739e0
           150.8333 1.1119320593e0 1.2287499953e0
           300.0000 1.1102746638e0 1.2305842484e0
  /
  26.82937150 53.3250 1.1167663651e0 1.1987949923e0
           63.3250 1.1166546940e0 1.1989148778e0
           78.3250 1.1164872084e0 1.1990947285e0
           103.3250 1.1162081215e0 1.1993945397e0
           153.3250 1.1156501569e0 1.1999943869e0
           300.0000 1.1140149765e0 1.2017557701e0
  /
  28.34621175 55.8167 1.1205131563e0 1.1712022204e0
           65.8167 1.1204011106e0 1.1713193464e0
           80.8167 1.1202330630e0 1.1714950575e0
           105.8167 1.1199530398e0 1.1717879679e0
           155.8167 1.1193932032e0 1.1723740084e0
           300.0000 1.1177803878e0 1.1740655955e0
  /
  29.86305200 58.3083 1.1242851734e0 1.1446776849e0
           68.3083 1.1241727505e0 1.1447921584e0
           83.3083 1.1240041372e0 1.1449638901e0
           108.3083 1.1237231713e0 1.1452501669e0
           158.3083 1.1231614502e0 1.1458229351e0
           300.0000 1.1215711509e0 1.1474476215e0
  /
  31.37989225 60.8000 1.1280826720e0 1.1191605299e0
           70.8000 1.1279698693e0 1.1192724515e0
           85.8000 1.1278006866e0 1.1194403550e0
           110.8000 1.1275187716e0 1.1197202501e0
           160.8000 1.1269551532e0 1.1202802502e0
           300.0000 1.1253875229e0 1.1218407662e0
  /
  32.81530000 63.1579 1.1317000000e0 1.0958900000e0
           73.1579 1.1315868357e0 1.0959995945e0
           88.1579 1.1314171104e0 1.0961640067e0
           113.1579 1.1311342914e0 1.0964380820e0
           163.1579 1.1305688657e0 1.0969864381e0
           300.0000 1.1290228295e0 1.0984886050e0
  /
  32.90105291 63.2917 1.1319130947e0 1.0946678344e0
           73.2917 1.1317999090e0 1.0947773066e0
           88.2917 1.1316301518e0 1.0949415355e0
           113.2917 1.1313472796e0 1.0952153051e0
           163.2917 1.1307817473e0 1.0957630497e0
           300.0000 1.1292369307e0 1.0972620735e0
  /
  34.49836913 65.7833 1.1358971220e0 1.0723098260e0
           75.7833 1.1357835380e0 1.0724170624e0
           90.7833 1.1356131833e0 1.0725779370e0
           115.7833 1.1353293154e0 1.0728461150e0
           165.7833 1.1347617927e0 1.0733826722e0
           300.0000 1.1332397749e0 1.0748242979e0
  /
  36.09568534 68.2750 1.1399092939e0 1.0506982726e0
           78.2750 1.1397953086e0 1.0508033476e0
           93.2750 1.1396243522e0 1.0509609800e0
           118.2750 1.1393394817e0 1.0512237531e0
           168.2750 1.1387699543e0 1.0517494964e0
           300.0000 1.1372708972e0 1.0531358263e0
  /
  37.69300156 70.7667 1.1439499094e0 1.0297964055e0
           80.7667 1.1438355202e0 1.0298993903e0
           95.7667 1.1436639577e0 1.0300538868e0
           120.7667 1.1433780775e0 1.0303114325e0
           170.7667 1.1428065313e0 1.0308267170e0
           300.0000 1.1413305983e0 1.0321597499e0
  /
  39.29031778 73.2583 1.1480192723e0 1.0095698323e0
           83.2583 1.1479044761e0 1.0096707944e0
           98.2583 1.1477323034e0 1.0098222563e0
           123.2583 1.1474454062e0 1.0100747435e0
           173.2583 1.1468718269e0 1.0105799071e0
           300.0000 1.1454191831e0 1.0118615449e0
  /
  40.88763400 75.7500 1.1521176904e0 9.8998634723e-1
           85.7500 1.1520024843e0 9.9008535082e-1
           100.7500 1.1518296969e0 9.9023387476e-1
           125.7500 1.1515417755e0 9.9048146418e-1
           175.7500 1.1509661485e0 9.9097682874e-1
           300.0000 1.1495369612e0 9.9220888270e-1
  /
  42.48495021 78.2417 1.1562454759e0 9.7101576048e-1
           88.2417 1.1561298571e0 9.7111286691e-1
           103.2417 1.1559564506e0 9.7125854477e-1
           128.2417 1.1556674976e0 9.7150138976e-1
           178.2417 1.1550898083e0 9.7198726191e-1
           300.0000 1.1536842461e0 9.7317145818e-1
  /
  42.93737000 78.9474 1.1574200000e0 9.6575000000e-1
           88.9474 1.1573042638e0 9.6584657983e-1
           103.9474 1.1571306812e0 9.6599146768e-1
           128.9474 1.1568414347e0 9.6623299574e-1
           178.9474 1.1562631585e0 9.6671623304e-1
           300.0000 1.1548643187e0 9.6788717676e-1
  /
  44.13044482 80.7333 1.1604630674e0 9.5344118226e-1
           90.7333 1.1603470268e0 9.5353653115e-1
           105.7333 1.1601729878e0 9.5367957236e-1
           130.7333 1.1598829809e0 9.5391802206e-1
           180.7333 1.1593031843e0 9.5439510033e-1
           300.0000 1.1579213463e0 9.5553405461e-1
  /
  45.79497769 83.2250 1.1647354740e0 9.3668002874e-1
           93.2250 1.1646190063e0 9.3677370143e-1
           108.2250 1.1644443265e0 9.3691422802e-1
           133.2250 1.1641532518e0 9.3714848586e-1
           183.2250 1.1635713207e0 9.3761717727e-1
           300.0000 1.1622133533e0 9.3871271926e-1
  /
  47.45951057 85.7167 1.1690394559e0 9.2038049248e-1
           95.7167 1.1689225578e0 9.2047253513e-1
           110.7167 1.1687472325e0 9.2061061637e-1
           135.7167 1.1684550822e0 9.2084079779e-1
           185.7167 1.1678710007e0 9.2130133332e-1
           300.0000 1.1665370812e0 9.2235482906e-1
  /
  49.12404345 88.2083 1.1733753642e0 9.0452376248e-1
           98.2083 1.1732580325e0 9.0461421938e-1
           113.2083 1.1730820570e0 9.0474992169e-1
           138.2083 1.1727888232e0 9.0497613745e-1
           188.2083 1.1722025753e0 9.0542873866e-1
           300.0000 1.1708928827e0 9.0644149852e-1
  /
  50.78857633 90.7000 1.1777435556e0 8.8909203613e-1
           100.7000 1.1776257871e0 8.8918094978e-1
           115.7000 1.1774491565e0 8.8931433692e-1
           140.7000 1.1771548310e0 8.8953669330e-1
           190.7000 1.1765664007e0 8.8998157286e-1
           300.0000 1.1752811162e0 8.9095485452e-1
  /
  52.45310920 93.1917 1.1821443920e0 8.7406845248e-1
           103.1917 1.1820261834e0 8.7415586370e-1
           118.1917 1.1818488928e0 8.7428699691e-1
           143.1917 1.1815534675e0 8.7450559599e-1
           193.1917 1.1809628384e0 8.7494295811e-1
           300.0000 1.1797021451e0 8.7587796935e-1
  /
  53.48532000 94.7368 1.1848900000e0 8.6495000000e-1
           104.7368 1.1847715169e0 8.6503649932e-1
           119.7368 1.1845938145e0 8.6516626453e-1
           144.7368 1.1842977031e0 8.6538258314e-1
           194.7368 1.1837057022e0 8.6581538262e-1
           300.0000 1.1824603513e0 8.6672724744e-1
  /
  54.13968899 95.6833 1.1865939471e0 8.5979631384e-1
           105.6833 1.1864752937e0 8.5988229777e-1
           120.6833 1.1862973357e0 8.6001128979e-1
           145.6833 1.1860007984e0 8.6022631949e-1
           195.6833 1.1854079463e0 8.6065654020e-1
           300.0000 1.1841720130e0 8.6155481686e-1
  /
  55.86225842 98.1750 1.1911029593e0 8.4645023477e-1
           108.1750 1.1909838550e0 8.4653488403e-1
           123.1750 1.1908052208e0 8.4666187379e-1
           148.1750 1.1905075567e0 8.4687356572e-1
           198.1750 1.1899124517e0 8.4729710838e-1
           300.0000 1.1887014400e0 8.4816030806e-1
  /
  57.58482785 100.6667 1.1956463704e0 8.3341496480e-1
           110.6667 1.1955268117e0 8.3349831047e-1
           125.6667 1.1953474962e0 8.3362334459e-1
           150.6667 1.1950486966e0 8.3383177648e-1
           200.6667 1.1944513216e0 8.3424879661e-1
           300.0000 1.1932654224e0 8.3507789547e-1
  /
  59.30739729 103.1583 1.2002245755e0 8.2067977152e-1
           113.1583 1.2001045590e0 8.2076184360e-1
           128.1583 1.1999245568e0 8.2088496711e-1
           153.1583 1.1996246132e0 8.2109021401e-1
           203.1583 1.1990249508e0 8.2150086177e-1
           300.0000 1.1978643571e0 8.2229680223e-1
  /
  61.02996672 105.6500 1.2048379758e0 8.0823441102e-1
           115.6500 1.2047174980e0 8.0831523851e-1
           130.6500 1.2045368039e0 8.0843649489e-1
           155.6500 1.2042357074e0 8.0863862928e-1
           205.6500 1.2036337400e0 8.0904304969e-1
           300.0000 1.2024986472e0 8.0980674202e-1
  /
  62.75253616 108.1417 1.2094869787e0 7.9606910043e-1
           118.1417 1.2093660361e0 7.9614871132e-1
           133.1417 1.2091846448e0 7.9626814259e-1
           158.1417 1.2088823864e0 7.9646723451e-1
           208.1417 1.2082780963e0 7.9686556770e-1
           300.0000 1.2071687018e0 7.9759789143e-1
  /
  64.40111000 110.5263 1.2139700000e0 7.8468000000e-1
           120.5263 1.2138486091e0 7.8475847192e-1
           135.5263 1.2136665454e0 7.8487619452e-1
           160.5263 1.2133631667e0 7.8507243810e-1
           210.5263 1.2127566368e0 7.8546507247e-1
           300.0000 1.2116720238e0 7.8616817163e-1
  /
  64.47730957 110.6333 1.2141722349e0 7.8420844766e-1
           120.6333 1.2140508237e0 7.8428687243e-1
           135.6333 1.2138687298e0 7.8440452428e-1
           160.6333 1.2135653005e0 7.8460064993e-1
           210.6333 1.2129586695e0 7.8499304835e-1
           300.0000 1.2118751730e0 7.8569488402e-1
  /
  66.25118624 113.1250 1.2188992485e0 7.7334564948e-1
           123.1250 1.2187773646e0 7.7342298791e-1
           138.1250 1.2185945617e0 7.7353901006e-1
           163.1250 1.2182899512e0 7.7373241899e-1
           213.1250 1.2176809585e0 7.7411938193e-1
           300.0000 1.2166235575e0 7.7479219035e-1
  /
  68.02506291 115.6167 1.2236632123e0 7.6269822576e-1
           125.6167 1.2235408521e0 7.6277449940e-1
           140.6167 1.2233573347e0 7.6288892416e-1
           165.6167 1.2230515336e0 7.6307967023e-1
           215.6167 1.2224401607e0 7.6346130546e-1
           300.0000 1.2214090601e0 7.6410581145e-1
  /
  69.79893958 118.1083 1.2284645613e0 7.5225983411e-1
           128.1083 1.2283417210e0 7.5233506386e-1
           143.1083 1.2281574836e0 7.5244792258e-1
           168.1083 1.2278504826e0 7.5263605808e-1
           218.1083 1.2272367108e0 7.5301247020e-1
           300.0000 1.2262321176e0 7.5362937723e-1
  /
  71.57281625 120.6000 1.2333037374e0 7.4202437874e-1
           130.6000 1.2331804132e0 7.4209858488e-1
           145.6000 1.2329954500e0 7.4220990802e-1
           170.6000 1.2326872397e0 7.4239548369e-1
           220.6000 1.2320710501e0 7.4276677425e-1
           300.0000 1.2310931739e0 7.4335676526e-1
  /
  73.34669292 123.0917 1.2381811892e0 7.3198599858e-1
           133.0917 1.2380573773e0 7.3205920084e-1
           148.0917 1.2378716826e0 7.3216901795e-1
           173.0917 1.2375622534e0 7.3235208309e-1
           223.0917 1.2369436269e0 7.3271835069e-1
           300.0000 1.2359926799e0 7.3328208891e-1
  /
  75.12056959 125.5833 1.2430973728e0 7.2213905613e-1
           135.5833 1.2429730693e0 7.2221127364e-1
           150.5833 1.2427866373e0 7.2231961346e-1
           175.5833 1.2424759795e0 7.2250021594e-1
           225.5833 1.2418548968e0 7.2286155637e-1
           300.0000 1.2409310936e0 7.2339968605e-1
  /
  75.64203000 126.3158 1.2445500000e0 7.1928000000e-1
           136.3158 1.2444255512e0 7.1935193160e-1
           151.3158 1.2442389014e0 7.1945984248e-1
           176.3158 1.2439278805e0 7.1963972992e-1
           226.3158 1.2433060721e0 7.1999963976e-1
           300.0000 1.2423902894e0 7.2053036124e-1
  /
  76.92700196 128.0750 1.2480335378e0 7.1293734363e-1
           138.0750 1.2479087407e0 7.1300864093e-1
           153.0750 1.2477215684e0 7.1311560025e-1
           178.0750 1.2474096770e0 7.1329390143e-1
           228.0750 1.2467861281e0 7.1365063756e-1
           300.0000 1.2458896996e0 7.1416411542e-1
  /
  78.74698933 130.5667 1.2530009972e0 7.0408391653e-1
           140.5667 1.2528757033e0 7.0415432845e-1
           155.5667 1.2526877861e0 7.0425995952e-1
           180.5667 1.2523746533e0 7.0443604652e-1
           230.5667 1.2517486225e0 7.0478835261e-1
           300.0000 1.2508797933e0 7.0527788058e-1
  /
  80.56697671 133.0583 1.2580081578e0 6.9537951046e-1
           143.0583 1.2578823633e0 6.9544905189e-1
           158.0583 1.2576936951e0 6.9555337707e-1
           183.0583 1.2573793109e0 6.9572728716e-1
           233.0583 1.2567507784e0 6.9607523778e-1
           300.0000 1.2559097700e0 6.9654135814e-1
  /
  82.38696408 135.5500 1.2630554975e0 6.8682039434e-1
           145.5500 1.2629291983e0 6.8688907981e-1
           160.5500 1.2627397731e0 6.8699212090e-1
           185.5500 1.2624241277e0 6.8716389040e-1
           235.5500 1.2617930734e0 6.8750755826e-1
           300.0000 1.2609801097e0 6.8795079970e-1
  /
  84.20695146 138.0417 1.2681435020e0 6.7840296059e-1
           148.0417 1.2680166940e0 6.7847080428e-1
           163.0417 1.2678265058e0 6.7857258254e-1
           188.0417 1.2675095887e0 6.7874224689e-1
           238.0417 1.2668759924e0 6.7908170287e-1
           300.0000 1.2660913002e0 6.7950258095e-1
  /
  86.02693883 140.5333 1.2732726646e0 6.7012372012e-1
           150.5333 1.2731453437e0 6.7019073585e-1
           165.5333 1.2729543862e0 6.7029127200e-1
           190.5333 1.2726361874e0 6.7045886576e-1
           240.5333 1.2720000283e0 6.7079417902e-1
           300.0000 1.2712438372e0 6.7119319659e-1
  /
  87.17515000 142.1053 1.2765300000e0 6.6497000000e-1
           152.1053 1.2764023534e0 6.6503650032e-1
           167.1053 1.2762109074e0 6.6513626328e-1
           192.1053 1.2758918945e0 6.6530256814e-1
           242.1053 1.2752541081e0 6.6563530260e-1
           300.0000 1.2745160172e0 6.6602078173e-1
  /
  87.86242325 143.0250 1.2784248123e0 6.6218277831e-1
           153.0250 1.2782969762e0 6.6224899990e-1
           168.0250 1.2781052460e0 6.6234834470e-1
           193.0250 1.2777857596e0 6.6251395249e-1
           243.0250 1.2771470264e0 6.6284529229e-1
           300.0000 1.2764195792e0 6.6322305600e-1
  /
  89.72439547 145.5167 1.2835866471e0 6.5470703487e-1
           155.5167 1.2834582948e0 6.5477250885e-1
           170.5167 1.2832657905e0 6.5487073209e-1
           195.5167 1.2829450142e0 6.5503447024e-1
           245.5167 1.2823037020e0 6.5536206937e-1
           300.0000 1.2816052505e0 6.5571922976e-1
  /
  91.58636769 148.0083 1.2887903343e0 6.4733960913e-1
           158.0083 1.2886614617e0 6.4740434633e-1
           173.0083 1.2884681770e0 6.4750146427e-1
           198.0083 1.2881461002e0 6.4766335987e-1
           248.0083 1.2875021882e0 6.4798727252e-1
           300.0000 1.2868329683e0 6.4832425950e-1
  /
  93.44833991 150.5000 1.2940363850e0 6.4007816386e-1
           160.5000 1.2939069878e0 6.4014217488e-1
           175.5000 1.2937129163e0 6.4023820341e-1
           200.5000 1.2933895285e0 6.4039828297e-1
           250.5000 1.2927429954e0 6.4071856217e-1
           300.0000 1.2921032460e0 6.4103579637e-1
  /
  95.31031213 152.9917 1.2993253185e0 6.3292042860e-1
           162.9917 1.2991953925e0 6.3298372381e-1
           177.9917 1.2990005278e0 6.3307867849e-1
           202.9917 1.2986758183e0 6.3323696794e-1
           252.9917 1.2980266427e0 6.3355366559e-1
           300.0000 1.2974166054e0 6.3385155862e-1
  /
  97.17228435 155.4833 1.3046576630e0 6.2586419727e-1
           165.4833 1.3045272037e0 6.2592678682e-1
           180.4833 1.3043315393e0 6.2602068288e-1
           205.4833 1.3040054972e0 6.2617720762e-1
           255.4833 1.3033536574e0 6.2649037451e-1
           300.0000 1.3027735769e0 6.2676932922e-1
  /
  98.97425000 157.8947 1.3098600000e0 6.1913000000e-1
           167.8947 1.3097290205e0 6.1919191610e-1
           182.8947 1.3095325759e0 6.1928480185e-1
           207.8947 1.3092052337e0 6.1943964240e-1
           257.8947 1.3085507947e0 6.1974943967e-1
           300.0000 1.3079999415e0 6.2001044197e-1
  /
  99.03549979 157.9750 1.3100314095e0 6.1892257193e-1
           167.9750 1.3099004129e0 6.1898446728e-1
           182.9750 1.3097039425e0 6.1907732191e-1
           207.9750 1.3093765575e0 6.1923211059e-1
           257.9750 1.3087220328e0 6.1954180406e-1
           300.0000 1.3081721580e0 6.1980222122e-1
  /
  100.93604834 160.4667 1.3153725385e0 6.1252802270e-1
           170.4667 1.3152410078e0 6.1258927856e-1
           185.4667 1.3150437365e0 6.1268117384e-1
           210.4667 1.3147150166e0 6.1283436329e-1
           260.4667 1.3140578234e0 6.1314085708e-1
           300.0000 1.3135384352e0 6.1338330002e-1
  /
  102.83659690 162.9583 1.3207573985e0 6.0621349953e-1
           172.9583 1.3206253293e0 6.0627412391e-1
           187.9583 1.3204272504e0 6.0636507185e-1
           212.9583 1.3200971848e0 6.0651668207e-1
           262.9583 1.3194373012e0 6.0682001624e-1
           300.0000 1.3189486502e0 6.0704483412e-1
  /
  104.73714545 165.4500 1.3261865286e0 5.9997750952e-1
           175.4500 1.3260539166e0 6.0003751027e-1
           190.4500 1.3258550235e0 6.0012752265e-1
           215.4500 1.3255236011e0 6.0027757329e-1
           265.4500 1.3248610050e0 6.0057778712e-1
           300.0000 1.3244033446e0 6.0078532260e-1
  /
  106.63769401 167.9417 1.3316604772e0 5.9381859665e-1
           177.9417 1.3315273178e0 5.9387798148e-1
           192.9417 1.3313276037e0 5.9396706986e-1
           217.9417 1.3309948134e0 5.9411558019e-1
           267.9417 1.3303294824e0 5.9441271226e-1
           300.0000 1.3299030693e0 5.9460330162e-1
  /
  108.53824256 170.4333 1.3371798015e0 5.8773534069e-1
           180.4333 1.3370460902e0 5.8779411716e-1
           195.4333 1.3368455483e0 5.8788229289e-1
           220.4333 1.3365113787e0 5.8802928184e-1
           270.4333 1.3358432900e0 5.8832337000e-1
           300.0000 1.3354483841e0 5.8849734332e-1
  /
  110.43879112 172.9250 1.3427450680e0 5.8172635607e-1
           182.9250 1.3426108002e0 5.8178453161e-1
           197.9250 1.3424094237e0 5.8187180584e-1
           222.9250 1.3420738633e0 5.8201729197e-1
           272.9250 1.3414029941e0 5.8230837339e-1
           300.0000 1.3410398584e0 5.8246605472e-1
  /
  111.01788000 173.6842 1.3444500000e0 5.7991000000e-1
           183.6842 1.3443155617e0 5.7996799390e-1
           198.6842 1.3441139295e0 5.8005499562e-1
           223.6842 1.3437779430e0 5.8020002750e-1
           273.6842 1.3431062220e0 5.8049020005e-1
           300.0000 1.3427528194e0 5.8064298079e-1
  /
  112.36420723 175.4167 1.3482881562e0 5.7607051542e-1
           185.4167 1.3481533342e0 5.7612812535e-1
           200.4167 1.3479511263e0 5.7621455105e-1
           225.4167 1.3476141807e0 5.7635862269e-1
           275.4167 1.3469405420e0 5.7664687406e-1
           300.0000 1.3466094598e0 5.7678865051e-1
  /
  114.30052077 177.9083 1.3538468479e0 5.7059917911e-1
           187.9083 1.3537114700e0 5.7065624188e-1
           202.9083 1.3535084285e0 5.7074184674e-1
           227.9083 1.3531700937e0 5.7088455003e-1
           277.9083 1.3524936778e0 5.7117006368e-1
           300.0000 1.3521949224e0 5.7129625861e-1
  /
  116.23683432 180.4000 1.3594515638e0 5.6518676811e-1
           190.4000 1.3593156255e0 5.6524328961e-1
           205.4000 1.3591117434e0 5.6532808247e-1
           230.4000 1.3587720079e0 5.6546943216e-1
           280.4000 1.3580927918e0 5.6575223757e-1
           300.0000 1.3578266317e0 5.6586313587e-1
  /
  118.17314787 182.8917 1.3651028780e0 5.5983233560e-1
           192.8917 1.3649663745e0 5.5988832164e-1
           207.8917 1.3647616449e0 5.5997231118e-1
           232.8917 1.3644204971e0 5.6011232176e-1
           282.8917 1.3637384574e0 5.6039244795e-1
           300.0000 1.3635051644e0 5.6048832996e-1
  /
  120.10946142 185.3833 1.3708013739e0 5.5453495493e-1
           195.3833 1.3706643006e0 5.5459041120e-1
           210.3833 1.3704587164e0 5.5467360600e-1
           235.3833 1.3701161445e0 5.5481229174e-1
           285.3833 1.3694312577e0 5.5508976725e-1
           300.0000 1.3692311071e0 5.5517090880e-1
  /
  122.04577496 187.8750 1.3765476449e0 5.4929371910e-1
           197.8750 1.3764099970e0 5.4934865122e-1
           212.8750 1.3762035510e0 5.4943105970e-1
           237.8750 1.3758595431e0 5.4956843463e-1
           287.8750 1.3751717853e0 5.4984328756e-1
           300.0000 1.3750050558e0 5.4990996010e-1
  /
  123.28815000 189.4737 1.3802600000e0 5.4596000000e-1
           199.4737 1.3801219809e0 5.4601459873e-1
           214.4737 1.3799149781e0 5.4609650706e-1
           239.4737 1.3795700425e0 5.4623304826e-1
           289.4737 1.3788804299e0 5.4650623307e-1
           300.0000 1.3787352924e0 5.4656376298e-1
  /
  123.99212718 190.3667 1.3823076246e0 5.4421284386e-1
           200.3667 1.3821692329e0 5.4488668296e-1
           215.3667 1.3819617744e0 5.4590920119e-1
           240.3667 1.3816165517e0 5.4767783052e-1
           290.3667 1.3809255223e0 5.5129697326e-1
           300.0000 1.3807924996e0 5.5135008409e-1
  /
  125.95645186 192.8583 1.3880534222e0 5.3936936794e-1
           202.8583 1.3879139821e0 5.4174640403e-1
           217.8583 1.3877052426e0 5.4538429197e-1
           242.8583 1.3873592179e0 5.5177312216e-1
           292.8583 1.3866642066e0 5.6519998972e-1
           300.0000 1.3865651792e0 5.6524035586e-1
  /
  127.92077654 195.3500 1.3938471860e0 5.3457197815e-1
           205.3500 1.3937066848e0 5.3861635078e-1
           220.3500 1.3934966501e0 5.4485602258e-1
           245.3500 1.3931498219e0 5.5596508563e-1
           295.3500 1.3924507862e0 5.7994760454e-1
           300.0000 1.3923860388e0 5.7997457273e-1
  /
  129.88510123 197.8417 1.3996895190e0 5.2982001983e-1
           207.8417 1.3995479438e0 5.3549647334e-1
           222.8417 1.3993365995e0 5.4432436066e-1
           247.8417 1.3989889665e0 5.6025718479e-1
           297.8417 1.3982858633e0 5.9561919180e-1
           300.0000 1.3982556839e0 5.9563204739e-1
  /
  131.58664000 200.0000 1.4047900000e0 5.2574000000e-1
           210.0000 1.4046474838e0 5.3280215745e-1
           225.0000 1.4044349932e0 5.4386105665e-1
           250.0000 1.4040866621e0 5.6405882747e-1
           300.0000 1.4033800000e0 6.1001000000e-1
  /
  131.84942591 200.3333 1.4055810347e0 5.2511285067e-1
           210.3333 1.4054384383e0 5.3216658375e-1
           225.3333 1.4052258280e0 5.4321229092e-1
           250.3333 1.4048773008e0 5.6338596804e-1
           300.3333 1.4041702407e0 6.0928232594e-1
  /
  133.81375059 202.8250 1.4115223567e0 5.2044984041e-1
           212.8250 1.4113791575e0 5.2744093623e-1
           227.8250 1.4111656485e0 5.3838855735e-1
           252.8250 1.4108156481e0 5.5838309191e-1
           302.8250 1.4101055993e0 6.0387188943e-1
  /
  135.77807528 205.3167 1.4175141192e0 5.1583037055e-1
           215.3167 1.4173703121e0 5.2275941398e-1
           230.3167 1.4171558968e0 5.3360986492e-1
           255.3167 1.4168044107e0 5.5342692963e-1
           305.3167 1.4160913479e0 5.9851197234e-1
  /
  137.74239996 207.8083 1.4235569674e0 5.1125383410e-1
           217.8083 1.4234125473e0 5.1812140185e-1
           232.8083 1.4231972179e0 5.2887558571e-1
           257.8083 1.4228442334e0 5.4851682999e-1
           307.8083 1.4221281308e0 5.9320187039e-1
  /
  139.70672465 210.3000 1.4296515573e0 5.0671963528e-1
           220.3000 1.4295065189e0 5.1352629607e-1
           235.3000 1.4292902677e0 5.2418510342e-1
           260.3000 1.4289357720e0 5.4365215378e-1
           310.3000 1.4282166035e0 5.8794089230e-1
  /
  141.67104933 212.7917 1.4357985564e0 5.0222718930e-1
           222.7917 1.4356528944e0 5.0897350399e-1
           237.7917 1.4354357134e0 5.1953781309e-1
           262.7917 1.4350796935e0 5.3883227360e-1
           312.7917 1.4343574329e0 5.8272835954e-1
  /
  143.63537401 215.2833 1.4419986437e0 4.9777592210e-1
           225.2833 1.4418523527e0 5.0446244383e-1
           240.2833 1.4416342338e0 5.1493312087e-1
           265.2833 1.4412766765e0 5.3405657352e-1
           315.2833 1.4405512971e0 5.7756360604e-1
  /
  145.59969870 217.7750 1.4482525098e0 4.9336527006e-1
           227.7750 1.4481055844e0 4.9999254441e-1
           242.7750 1.4478865195e0 5.1037044374e-1
           267.7750 1.4475274115e0 5.2932444886e-1
           317.7750 1.4467988861e0 5.7244597784e-1
  /
  147.56402338 220.2667 1.4545608575e0 4.8899467984e-1
           230.2667 1.4544132921e0 4.9556324495e-1
           245.2667 1.4541932731e0 5.0584920926e-1
           270.2667 1.4538326008e0 5.2463530595e-1
           320.2667 1.4531009021e0 5.6737483290e-1
  /
  148.18362000 221.0526 1.4565620834e0 4.8762431142e-1
           231.0526 1.4564143149e0 4.9417446865e-1
           246.0526 1.4561939932e0 5.0443160737e-1
           271.0526 1.4558328247e0 5.2316505753e-1
           321.0526 1.4551001193e0 5.6578481038e-1
  /
  149.52834806 222.7583 1.4609244019e0 4.8466360807e-1
           232.7583 1.4607761909e0 4.9117399479e-1
           247.7583 1.4605552093e0 5.0136885535e-1
           272.7583 1.4601929592e0 5.1998856181e-1
           322.7583 1.4594580593e0 5.6234954076e-1
  /
  151.49267275 225.2500 1.4673438706e0 4.8037152120e-1
           235.2500 1.4671950083e0 4.8682425319e-1
           250.2500 1.4669730557e0 4.9692883004e-1
           275.2500 1.4666092138e0 5.1538364400e-1
           325.2500 1.4658710847e0 5.5736948234e-1
  /
  153.45699743 227.7417 1.4738200040e0 4.7611789520e-1
           237.7417 1.4736704847e0 4.8251348911e-1
           252.7417 1.4734475525e0 4.9252859127e-1
           277.7417 1.4730821048e0 5.1081999031e-1
           327.7417 1.4723407180e0 5.5243404963e-1
  /
  155.42132211 230.2333 1.4803535558e0 4.7190221543e-1
           240.2333 1.4802033736e0 4.7824118097e-1
           255.2333 1.4799794532e0 4.8816760665e-1
           280.2333 1.4796123854e0 5.0629704857e-1
           330.2333 1.4788677120e0 5.4754264548e-1
  /
  157.38564680 232.7250 1.4869452929e0 4.6772397635e-1
           242.7250 1.4867944420e0 4.7400681647e-1
           257.7250 1.4865695245e0 4.8384535322e-1
           282.7250 1.4862008222e0 5.0181427641e-1
           332.7250 1.4854528329e0 5.4269468333e-1
  /
  159.34997148 235.2167 1.4935959961e0 4.6358268141e-1
           245.2167 1.4934444705e0 4.6980989236e-1
           260.2167 1.4932185470e0 4.7956131730e-1
           285.2167 1.4928481956e0 4.9737114108e-1
           335.2167 1.4920968608e0 5.3788958703e-1
  /
  160.63139442 236.8421 1.4979667260e0 4.6090079498e-1
           246.8421 1.4978147570e0 4.6709198070e-1
           261.8421 1.4975881723e0 4.7678699237e-1
           286.8421 1.4972167372e0 4.9449378399e-1
           336.8421 1.4964632037e0 5.3477782544e-1
  /
  161.31429616 237.7083 1.5003064602e0 4.5947784275e-1
           247.7083 1.5001542539e0 4.6564991425e-1
           262.7083 1.4999273153e0 4.7531499423e-1
           287.7083 1.4995553000e0 4.9296711916e-1
           337.7083 1.4988005895e0 5.3312679053e-1
  /
  163.27862085 240.2000 1.5070774943e0 4.5540898110e-1
           250.2000 1.5069246011e0 4.6152639641e-1
           265.2000 1.5066966383e0 4.7110588822e-1
           290.2000 1.5063229441e0 4.8860169646e-1
           340.2000 1.5055648275e0 5.2840573774e-1
  /
  165.24294553 242.6917 1.5139099222e0 4.5137562554e-1
           252.6917 1.5137563358e0 4.5743886161e-1
           267.6917 1.5135273396e0 4.6693351210e-1
           292.6917 1.5131519512e0 4.8427436773e-1
           342.6917 1.5123903976e0 5.2372588225e-1
  /
  167.20727022 245.1833 1.5208045827e0 4.4737731332e-1
           255.1833 1.5206502969e0 4.5338684090e-1
           270.1833 1.5204202577e0 4.6279738720e-1
           295.1833 1.5200431597e0 4.7998463649e-1
           345.1833 1.5192781379e0 5.1908668715e-1
  /
  169.17159490 247.6750 1.5277623300e0 4.4341358973e-1
           257.6750 1.5276073382e0 4.4936987342e-1
           272.6750 1.5273762466e0 4.5869704312e-1
           297.6750 1.5269974234e0 4.7573201489e-1
           347.6750 1.5262289016e0 5.1448762482e-1
  /
  171.13591958 250.1667 1.5347840338e0 4.3948400787e-1
           260.1667 1.5346283297e0 4.4538750629e-1
           275.1667 1.5343961760e0 4.5463201754e-1
           300.1667 1.5340156117e0 4.7151602345e-1
           350.1667 1.5332435577e0 5.0992817674e-1
  /
  173.07916884 252.6316 1.5417942007e0 4.3562975044e-1
           262.6316 1.5416377854e0 4.4148147541e-1
           277.6316 1.5414045713e0 4.5064491266e-1
           302.6316 1.5410222687e0 4.6738084651e-1
           352.6316 1.5402466883e0 5.0545612672e-1
  /
  173.10024427 252.6583 1.5418705802e0 4.3558812850e-1
           262.6583 1.5417141571e0 4.4143929437e-1
           277.6583 1.5414809315e0 4.5060185611e-1
           302.6583 1.5410986100e0 4.6733619094e-1
           352.6583 1.5403229912e0 5.0540783328e-1
  /
  175.06456895 255.1500 1.5490228714e0 4.3172551990e-1
           265.1500 1.5488657228e0 4.3752480014e-1
           280.1500 1.5486314153e0 4.4660611222e-1
           305.1500 1.5482473203e0 4.6319205414e-1
           355.1500 1.5474681036e0 5.0092609350e-1
  /
  177.02889363 257.6417 1.5562418267e0 4.2789575768e-1
           267.6417 1.5560839457e0 4.3364359351e-1
           282.6417 1.5558485462e0 4.4264434684e-1
           307.6417 1.5554626612e0 4.5908315775e-1
           357.6417 1.5546798132e0 4.9648246499e-1
  /
  178.99321832 260.1333 1.5635283824e0 4.2409842464e-1
           270.1333 1.5633697622e0 4.2979525168e-1
           285.1333 1.5631332606e0 4.3871612841e-1
           310.1333 1.5627455688e0 4.5500905416e-1
           360.1333 1.5619590553e0 4.9207646368e-1
  /
  180.95754300 262.6250 1.5708834926e0 4.2033311062e-1
           272.6250 1.5707241262e0 4.2597935897e-1
           287.6250 1.5704865120e0 4.3482103262e-1
           312.6250 1.5700969965e0 4.5096930331e-1
           362.6250 1.5693067831e0 4.8770761367e-1
  /
  182.92186768 265.1167 1.5783081293e0 4.1659941235e-1
           275.1167 1.5781480097e0 4.2219550669e-1
           290.1167 1.5779092724e0 4.3095864229e-1
           315.1167 1.5775179159e0 4.4696347254e-1
           365.1167 1.5767239676e0 4.8337544704e-1
  /
  184.88619237 267.6083 1.5858032830e0 4.1289693328e-1
           277.6083 1.5856424030e0 4.1844329299e-1
           292.6083 1.5854025320e0 4.2712854724e-1
           317.6083 1.5850093170e0 4.4299113640e-1
           367.6083 1.5842115984e0 4.7907950369e-1
  /
  185.52694325 268.4211 1.5882635785e0 4.1169589398e-1
           278.4211 1.5881024489e0 4.1722612037e-1
           293.4211 1.5878622058e0 4.2588611086e-1
           318.4211 1.5874683807e0 4.4170255874e-1
           368.4211 1.5866694245e0 4.7768595178e-1
  /
  186.85051705 270.1000 1.5933699632e0 4.0922528351e-1
           280.1000 1.5932083155e0 4.1472232270e-1
           295.1000 1.5929673000e0 4.2333034408e-1
           320.1000 1.5925722087e0 4.3905187656e-1
           370.1000 1.5917706838e0 4.7481933121e-1
  /
  188.81484173 272.5917 1.6010091985e0 4.0558407955e-1
           282.5917 1.6008467759e0 4.1103220720e-1
           297.5917 1.6006046048e0 4.1956363615e-1
           322.5917 1.6002076193e0 4.3514528161e-1
           372.5917 1.5994022516e0 4.7059448466e-1
  /
  190.77916642 275.0833 1.6087220377e0 4.0197294429e-1
           285.0833 1.6085588326e0 4.0737256430e-1
           300.0833 1.6083154949e0 4.1582803331e-1
           325.0833 1.6079165969e0 4.3127094692e-1
           375.0833 1.6071073493e0 4.6640452648e-1
  /
  192.74349110 277.5750 1.6165095496e0 3.9839150681e-1
           287.5750 1.6163455544e0 4.0374301810e-1
           302.5750 1.6161010388e0 4.1212315185e-1
           327.5750 1.6157002099e0 4.2742847454e-1
           377.5750 1.6148870449e0 4.6224902626e-1
  /
  194.70781579 280.0667 1.6243728240e0 3.9483940224e-1
           290.0667 1.6242080310e0 4.0014319885e-1
           305.0667 1.6239623260e0 4.0844861436e-1
           330.0667 1.6235595473e0 4.2361747303e-1
           380.0667 1.6227424268e0 4.5812756070e-1
  /
  196.67214047 282.5583 1.6323129717e0 3.9131627171e-1
           292.5583 1.6321473733e0 3.9657274282e-1
           307.5583 1.6319004672e0 4.0480404956e-1
           332.5583 1.6314957196e0 4.1983755733e-1
           382.5583 1.6306746049e0 4.5403971336e-1
  /
  197.97463884 284.2105 1.6376208400e0 3.8899596763e-1
           294.2105 1.6374547031e0 3.9422127057e-1
           309.2105 1.6372069942e0 4.0240376990e-1
           334.2105 1.6368009305e0 4.1734813670e-1
           384.2105 1.6359771457e0 4.5134749156e-1
  /
  198.63646515 285.0500 1.6403311258e0 3.8782176213e-1
           295.0500 1.6401647139e0 3.9303129221e-1
           310.0500 1.6399165950e0 4.0118909222e-1
           335.0500 1.6395098592e0 4.1608834864e-1
           385.0500 1.6386847111e0 4.4998507459e-1
  /
  200.60078984 287.5417 1.6484284413e0 3.8435552616e-1
           297.5417 1.6482612079e0 3.8951849500e-1
           312.5417 1.6480118642e0 3.9760338302e-1
           337.5417 1.6476031207e0 4.1236947429e-1
           387.5417 1.6467738993e0 4.4596324136e-1
  /
  202.56511452 290.0333 1.6566060964e0 3.8091722204e-1
           300.0333 1.6564380335e0 3.8603400485e-1
           315.0333 1.6561874528e0 3.9404656841e-1
           340.0333 1.6557766815e0 4.0868056763e-1
           390.0333 1.6549433464e0 4.4197381713e-1
  /
  204.52943920 292.5250 1.6648652928e0 3.7750651351e-1
           302.5250 1.6646963920e0 3.8257748097e-1
           317.5250 1.6644445620e0 3.9051830055e-1
           342.5250 1.6640317427e0 4.0502126787e-1
           392.5250 1.6631942530e0 4.3801641173e-1
  /
  206.49376389 295.0167 1.6732072562e0 3.7412306966e-1
           305.0167 1.6730375090e0 3.7914858802e-1
           320.0167 1.6727844172e0 3.8701823713e-1
           345.0167 1.6723695295e0 4.0139122000e-1
           395.0167 1.6715278434e0 4.3409064124e-1
  /
  208.45808857 297.5083 1.6816332369e0 3.7076656489e-1
           307.5083 1.6814626349e0 3.7574699601e-1
           322.5083 1.6812082685e0 3.8354604130e-1
           347.5083 1.6807912915e0 3.9779007467e-1
           397.5083 1.6799453669e0 4.3019612784e-1
  /
  210.42241325 300.0000 1.6901445106e0 3.6743667873e-1
           310.0000 1.6899730452e0 3.7237238017e-1
           325.0000 1.6897173914e0 3.8010138157e-1
           350.0000 1.6892983039e0 3.9421748806e-1
           400.0000 1.6884480978e0 4.2633249970e-1
  /
/
PVDG
  1.0000 1.2397680000e0 1.2540000000e-2
  3.4917 3.4794933147e-1 1.2669915562e-2
  5.9833 2.0237340247e-1 1.2691378315e-2
  8.4750 1.4267899891e-1 1.2700200301e-2
  10.9667 1.1017925058e-1 1.2705008461e-2
  13.4583 8.9738426726e-2 1.2708034434e-2
  15.7895 7.6466000000e-2 1.2710000000e-2
  15.9500 7.5656527872e-2 1.2715658100e-2
  18.4417 6.4977928476e-2 1.2790774422e-2
  20.9333 5.6940953379e-2 1.2847896741e-2
  23.4250 5.0673287439e-2 1.2892799129e-2
  25.9167 4.5648605027e-2 1.2929023921e-2
  28.4083 4.1530506227e-2 1.2958864951e-2
  30.9000 3.8093936900e-2 1.2983873049e-2
  31.5789 3.7254000000e-2 1.2990000000e-2
  33.3917 3.5086708962e-2 1.3051691475e-2
  35.8833 3.2488788352e-2 1.3126417322e-2
  38.3750 3.0249061072e-2 1.3191530441e-2
  40.8667 2.8298224821e-2 1.3248773607e-2
  43.3583 2.6583772061e-2 1.3299492321e-2
  45.8500 2.5065193079e-2 1.3344741905e-2
  47.3684 2.4222000000e-2 1.3370000000e-2
  48.3417 2.3688693338e-2 1.3405925538e-2
  50.8333 2.2424680829e-2 1.3491850182e-2
  53.3250 2.1288728789e-2 1.3570014741e-2
  55.8167 2.0262314303e-2 1.3641425046e-2
  58.3083 1.9330322396e-2 1.3706920300e-2
  60.8000 1.8480296741e-2 1.3767206206e-2
  63.1579 1.7742000000e-2 1.3820000000e-2
  63.2917 1.7700400257e-2 1.3825613263e-2
  65.7833 1.6959690557e-2 1.3926329939e-2
  68.2750 1.6278483877e-2 1.4020259849e-2
  70.7667 1.5649887053e-2 1.4108066622e-2
  73.2583 1.5068032062e-2 1.4190330093e-2
  75.7500 1.4527892277e-2 1.4267559129e-2
  78.2417 1.4025136881e-2 1.4340202161e-2
  78.9474 1.3889000000e-2 1.4360000000e-2
  80.7333 1.3547049068e-2 1.4440653628e-2
  83.2250 1.3097170810e-2 1.4548153652e-2
  85.7167 1.2676211820e-2 1.4650202977e-2
  88.2083 1.2281470432e-2 1.4747205912e-2
  90.7000 1.1910571339e-2 1.4839527746e-2
  93.1917 1.1561417760e-2 1.4927499340e-2
  94.7368 1.1355000000e-2 1.4980000000e-2
  95.6833 1.1230182029e-2 1.5027147938e-2
  98.1750 1.0914360095e-2 1.5147780642e-2
  100.6667 1.0615815740e-2 1.5263608305e-2
  103.1583 1.0333168912e-2 1.5374912410e-2
  105.6500 1.0065182727e-2 1.5481952880e-2
  108.1417 9.8107453665e-3 1.5584970094e-2
  110.5263 9.5790000000e-3 1.5680000000e-2
  110.6333 9.5688237436e-3 1.5685823056e-2
  113.1250 9.3378899385e-3 1.5819140590e-2
  115.6167 9.1178401623e-3 1.5948300517e-2
  118.1083 8.9079226752e-3 1.6073494337e-2
  120.6000 8.7074534076e-3 1.6194901970e-2
  123.0917 8.5158085139e-3 1.6312692613e-2
  125.5833 8.3324178868e-3 1.6427025529e-2
  126.3158 8.2800000000e-3 1.6460000000e-2
  128.0750 8.1579795377e-3 1.6561256223e-2
  130.5667 7.9911825862e-3 1.6701701799e-2
  133.0583 7.8310695915e-3 1.6838778562e-2
  135.5500 7.6772466818e-3 1.6972606288e-2
  138.0417 7.5293503359e-3 1.7103299136e-2
  140.5333 7.3870445151e-3 1.7230965983e-2
  142.1053 7.3000000000e-3 1.7310000000e-2
  143.0250 7.2513486728e-3 1.7365378369e-2
  145.5167 7.1227422038e-3 1.7513488194e-2
  148.0083 6.9986180450e-3 1.7658851765e-2
  150.5000 6.8787458777e-3 1.7801544762e-2
  152.9917 6.7629108969e-3 1.7941640109e-2
  155.4833 6.6509125270e-3 1.8079208100e-2
  157.8947 6.5460000000e-3 1.8210000000e-2
  157.9750 6.5426916116e-3 1.8215047231e-2
  160.4667 6.4416702128e-3 1.8370522615e-2
  162.9583 6.3437209886e-3 1.8523825256e-2
  165.4500 6.2487058956e-3 1.8675000382e-2
  167.9417 6.1564950385e-3 1.8824091978e-2
  170.4333 6.0669660783e-3 1.8971142821e-2
  172.9250 5.9800036900e-3 1.9116194527e-2
  173.6842 5.9540000000e-3 1.9160000000e-2
  175.4167 5.8984052504e-3 1.9270681889e-2
  177.9083 5.8202440539e-3 1.9428471027e-2
  180.4000 5.7441272328e-3 1.9584636485e-2
  182.8917 5.6699756138e-3 1.9739203197e-2
  185.3833 5.5977140598e-3 1.9892195588e-2
  187.8750 5.5272712159e-3 2.0043637590e-2
  189.4737 5.4830000000e-3 2.0140000000e-2
  190.3667 5.4596648427e-3 2.0197697843e-2
  192.8583 5.3955902079e-3 2.0357840573e-2
  195.3500 5.3330020874e-3 2.0516738949e-2
  197.8417 5.2718493442e-3 2.0674407419e-2
  200.0000 5.2200000000e-3 2.0810000000e-2
  200.3333 5.2126097464e-3 2.0831557471e-2
  202.8250 5.1580234853e-3 2.0992180307e-2
  205.3167 5.1045686268e-3 2.1151892701e-2
  207.8083 5.0522103562e-3 2.1310702371e-2
  210.3000 5.0009152725e-3 2.1468616950e-2
  212.7917 4.9506513175e-3 2.1625643983e-2
  215.2833 4.9013877092e-3 2.1781790933e-2
  217.7750 4.8530948787e-3 2.1937065177e-2
  220.2667 4.8057444110e-3 2.2091474011e-2
  221.0526 4.7910000000e-3 2.2140000000e-2
  222.7583 4.7618412248e-3 2.2248040724e-2
  225.2500 4.7198795487e-3 2.2405383133e-2
  227.7417 4.6786509511e-3 2.2562159438e-2
  230.2333 4.6381363877e-3 2.2718372688e-2
  232.7250 4.5983174685e-3 2.2874025911e-2
  235.2167 4.5591764293e-3 2.3029122114e-2
  236.8421 4.5340000000e-3 2.3130000000e-2
  237.7083 4.5215912246e-3 2.3184668096e-2
  240.2000 4.4862738639e-3 2.3341686247e-2
  242.6917 4.4515039427e-3 2.3498362087e-2
  245.1833 4.4172688306e-3 2.3654696734e-2
  247.6750 4.3835562824e-3 2.3810691302e-2
  250.1667 4.3503544243e-3 2.3966346900e-2
  252.6316 4.3180000000e-3 2.4120000000e-2
  252.6583 4.3176764731e-3 2.4121632337e-2
  255.1500 4.2877336736e-3 2.4273669528e-2
  257.6417 4.2582033166e-3 2.4425501394e-2
  260.1333 4.2290769385e-3 2.4577128349e-2
  262.6250 4.2003463060e-3 2.4728550809e-2
  265.1167 4.1720034079e-3 2.4879769187e-2
  267.6083 4.1440404478e-3 2.5030783896e-2
  268.4211 4.1350000000e-3 2.5080000000e-2
  270.1000 4.1177197167e-3 2.5181152412e-2
  272.5917 4.0923385250e-3 2.5331212724e-2
  275.0833 4.0672683105e-3 2.5481200606e-2
  277.5750 4.0425033927e-3 2.5631116110e-2
  280.0667 4.0180382287e-3 2.5780959288e-2
  282.5583 3.9938674088e-3 2.5930730193e-2
  284.2105 3.9780000000e-3 2.6030000000e-2
  285.0500 3.9705272225e-3 2.6078917218e-2
  287.5417 3.9485121566e-3 2.6224103700e-2
  290.0333 3.9267398748e-3 2.6369287775e-2
  292.5250 3.9052063832e-3 2.6514469442e-2
  295.0167 3.8839077745e-3 2.6659648702e-2
  297.5083 3.8628402267e-3 2.6804825555e-2
  300.0000 3.8420000000e-3 2.6950000000e-2
/
SOLUTION
PRESSURE
 2.0000000000e2 2.0000000000e2 2.0000000000e2 2.0000000000e2 2.0000000000e2 2.0000000000e2
 2.0000000000e2 2.0000000000e2 2.0000000000e2 2.0000000000e2 2.0000000000e2 2.0000000000e2
 2.0000000000e2 2.0000000000e2 2.0000000000e2 2.0000000000e2 2.0000000000e2 2.0000000000e2
 2.0000000000e2 2.0000000000e2 /
SWAT
 2.0000000000e-1 2.0000000000e-1 2.0000000000e-1 2.0000000000e-1 2.0000000000e-1 2.0000000000e-1
 2.0000000000e-1 2.0000000000e-1 2.0000000000e-1 2.0000000000e-1 2.0000000000e-1 2.0000000000e-1
 2.0000000000e-1 2.0000000000e-1 2.0000000000e-1 2.0000000000e-1 2.0000000000e-1 2.0000000000e-1
 2.0000000000e-1 2.0000000000e-1 /
SGAS
 8.0000000000e-2 8.0000000000e-2 8.0000000000e-2 8.0000000000e-2 8.0000000000e-2 8.0000000000e-2
 8.0000000000e-2 8.0000000000e-2 8.0000000000e-2 8.0000000000e-2 8.0000000000e-2 8.0000000000e-2
 8.0000000000e-2 8.0000000000e-2 8.0000000000e-2 8.0000000000e-2 8.0000000000e-2 8.0000000000e-2
 8.0000000000e-2 8.0000000000e-2 /
RS
 1.3158664000e2 1.3158664000e2 1.3158664000e2 1.3158664000e2 1.3158664000e2 1.3158664000e2
 1.3158664000e2 1.3158664000e2 1.3158664000e2 1.3158664000e2 1.3158664000e2 1.3158664000e2
 1.3158664000e2 1.3158664000e2 1.3158664000e2 1.3158664000e2 1.3158664000e2 1.3158664000e2
 1.3158664000e2 1.3158664000e2 /
SUMMARY
FOPR
FWPR
FWIR
FOPT
FWPT
FWIT
FPR
FGPR
FGPT
FGOR
WBHP
/
RUNSUM
SEPARATE
SCHEDULE
RPTRST
  BASIC=2 /
WELSPECS
  'PROD0' 'G' 20 1 1* 'OIL' /
/
COMPDAT
  'PROD0' 20 1 1 1 'OPEN' 2* 0.2 /
/
WCONPROD
  'PROD0' 'OPEN' 'BHP' 5* 100 /
/
TSTEP
  60*10 /
END
